name x y flux0 flux1 flux2 width rv
F05048  -1.184 -32.284 7.59e-17 5.59e-17 2.99e-17 29.13 1064.71
F05053  -1.050 -32.206 4.88e-17 3.23e-17 2.54e-17 35.46 1064.57
F05067  -1.044 -32.434 7.98e-17 8.04e-17 2.47e-17 33.93 1064.60
F05063  -1.026 -32.389 3.21e-17 2.00e-17 1.24e-17 27.67 1064.45
F05065  -1.023 -32.335 6.24e-17 4.33e-17 3.18e-17 31.08 1064.43
F05056  -1.015 -32.312 1.27e-16 7.92e-17 4.74e-17 29.22 1064.56
F05054  -1.010 -32.417 6.66e-17 4.43e-17 4.20e-17 34.97 1064.70
F05069  -1.007 -32.364 3.83e-17 2.83e-17 1.40e-17 24.75 1064.58
F05047  -1.001 -32.312 7.20e-17 8.83e-17 4.86e-17 33.17 1064.67
F05049  -0.999 -32.361 5.54e-17 3.56e-17 2.33e-17 32.69 1064.62
F05062  -0.989 -32.367 1.45e-16 1.02e-16 5.75e-17 21.74 1064.45
F05057  -0.967 -32.272 7.25e-17 6.20e-17 3.48e-17 47.06 1064.67
F05064  -0.950 -32.494 4.67e-17 2.46e-17 1.50e-17 28.64 1064.67
F05071  -0.950 -32.418 8.48e-17 4.88e-17 4.16e-17 27.00 1064.55
F05055  -0.940 -32.342 7.27e-17 6.06e-17 3.66e-17 38.25 1064.67
F05050  -0.932 -32.439 5.26e-17 4.33e-17 2.06e-17 38.39 1064.53
F05052  -0.931 -32.451 1.03e-16 7.47e-17 5.58e-17 38.68 1064.77
F05066  -0.921 -32.365 3.99e-17 2.50e-17 1.89e-17 30.66 1064.52
F05059  -0.899 -32.367 8.49e-17 6.04e-17 4.00e-17 28.55 1064.59
F05060  -0.866 -32.281 1.20e-16 5.19e-17 4.54e-17 24.48 1064.55
F05051  -0.863 -32.257 6.08e-17 4.44e-17 4.01e-17 32.50 1064.49
F05058  -0.858 -32.442 8.15e-17 5.44e-17 2.48e-17 31.61 1064.45
F05046  -0.841 -32.351 3.76e-17 1.61e-17 1.17e-17 35.96 1064.67
F05045  -0.831 -32.589 6.43e-17 5.47e-17 2.41e-17 30.47 1064.57
F05061  -0.719 -32.386 9.08e-17 6.75e-17 4.93e-17 34.06 1064.45
