name x y flux0 flux1 flux2 width rv
F05806   3.661 -13.831 2.41e-17 2.17e-17 1.58e-17 23.15 1805.28
F05781   3.995 -13.287 3.51e-17 2.07e-17 1.38e-17 20.55 1805.23
F05804   4.070 -13.598 2.42e-17 1.81e-17 1.26e-17 20.51 1805.20
F05786   4.081 -13.743 1.92e-17 1.35e-17 7.59e-18 17.93 1805.21
F05782   4.112 -13.679 1.64e-17 2.27e-17 1.13e-17 18.33 1805.22
F05787   4.201 -13.460 4.27e-17 2.32e-17 1.54e-17 19.08 1805.09
F05790   4.210 -13.453 4.56e-17 3.44e-17 2.58e-17 21.31 1805.29
F05800   4.211 -13.596 2.34e-17 1.71e-17 9.72e-18 18.48 1805.25
F05803   4.213 -13.572 3.15e-17 2.88e-17 1.55e-17 21.85 1805.05
F05795   4.213 -13.588 3.19e-17 2.78e-17 1.09e-17 14.57 1805.22
F05784   4.230 -13.566 2.52e-17 1.67e-17 1.16e-17 19.94 1805.14
F05789   4.230 -13.501 2.13e-17 1.15e-17 8.34e-18 19.61 1805.24
F05794   4.232 -13.372 2.40e-17 1.42e-17 6.59e-18 24.15 1805.24
F05783   4.232 -13.466 1.85e-17 1.92e-17 1.33e-17 18.42 1805.30
F05805   4.274 -13.668 2.05e-17 2.03e-17 1.37e-17 21.22 1805.28
F05809   4.295 -13.504 2.19e-17 1.84e-17 1.46e-17 18.79 1805.33
F05810   4.298 -13.580 3.90e-17 1.84e-17 2.00e-17 16.58 1805.17
F05792   4.299 -13.734 3.09e-17 2.48e-17 1.56e-17 22.42 1805.19
F05799   4.299 -13.587 1.77e-17 1.33e-17 1.08e-17 18.13 1805.20
F05788   4.359 -13.278 1.45e-17 1.02e-17 6.45e-18 19.59 1805.15
F05796   4.916 -13.155 2.02e-17 2.12e-17 1.39e-17 17.53 1805.07
F00783   5.865 -14.827 1.94e-17 1.81e-17 9.07e-18 17.53 2019.95
F00769   5.938 -14.842 1.56e-17 1.31e-17 8.24e-18 15.09 2020.02
F00764   5.965 -14.850 2.72e-17 1.37e-17 9.61e-18 18.51 2019.99
F00771   6.037 -14.840 1.72e-17 1.08e-17 6.65e-18 15.90 2020.02
F00785   6.091 -14.880 2.83e-17 2.24e-17 1.30e-17 17.30 2019.86
F00780   6.107 -14.837 3.55e-17 2.03e-17 1.14e-17 15.01 2020.07
F00762   6.115 -14.885 1.68e-17 1.18e-17 8.09e-18 13.34 2019.99
F00786   6.126 -14.826 1.69e-17 1.55e-17 9.43e-18 20.10 2019.83
F00772   6.136 -14.732 3.82e-17 1.75e-17 1.26e-17 16.78 2020.02
F00765   6.142 -14.776 1.38e-17 1.20e-17 6.76e-18 14.60 2020.25
F00774   6.156 -14.852 2.87e-17 1.58e-17 1.05e-17 25.74 2020.07
F00766   6.190 -14.841 1.87e-17 1.02e-17 1.31e-17 15.13 2019.98
F00779   6.194 -14.752 2.15e-17 1.64e-17 1.17e-17 22.68 2019.81
F00770   6.223 -14.836 1.65e-17 1.24e-17 1.02e-17 21.83 2020.08
F00776   6.275 -14.777 1.41e-17 1.10e-17 6.71e-18 22.87 2020.04
F00761   6.320 -14.834 2.33e-17 2.03e-17 1.05e-17 15.79 2019.90
