name x y flux1 flux2 flux3 par rv
P01888   4.596  -3.870 6.06e-15 3.17e-15 1.36e-15   0.001    1.29
P01282   8.324  -3.676 4.38e-15 2.32e-15 1.11e-15  -0.000    1.24
P04959   8.665  -0.320 2.16e-13 1.06e-13 5.68e-14   0.001    0.31
P03839   8.909  -3.905 6.15e-17 4.33e-17 2.88e-17  -0.001    1.54
P00701  10.447  -3.918 2.73e-15 1.70e-15 6.58e-16   0.001    1.38
P00401  10.858  -3.315 2.81e-16 2.09e-16 1.03e-16   0.001    1.22
P04721  11.563  -3.232 1.29e-13 5.99e-14 3.33e-14  -0.000    1.33
P03662  11.929  -3.470 4.44e-15 2.09e-15 1.16e-15  -0.001    1.47
P04397  12.160  -3.418 1.12e-16 7.11e-17 4.48e-17   0.002    0.92
P02028  12.304  -3.062 2.97e-16 1.93e-16 1.03e-16   0.002    1.47
P00385  12.308  -2.391 2.14e-13 1.11e-13 6.69e-14   0.001    0.44
P02246  12.440  -3.366 1.07e-16 8.08e-17 5.32e-17  -0.001    1.29
P01439  12.667  -5.267 5.95e-17 4.90e-17 2.89e-17   0.001    0.56
P05100  12.752  -3.076 3.38e-15 1.84e-15 8.47e-16   0.000    1.30
P04382  12.887  -3.149 1.29e-15 7.07e-16 3.14e-16   0.001    1.36
P04897  12.792  -3.394 5.13e-15 2.43e-15 1.15e-15   0.003    1.00
P01128  13.274  -3.310 1.29e-17 1.04e-17 8.11e-18   0.002    1.38
P04808  13.221  -3.242 1.98e-13 1.23e-13 6.79e-14   0.002    1.39
P02204  13.189  -3.170 2.75e-17 2.59e-17 1.74e-17   0.001    1.08
P04025  13.444  -1.147 3.40e-15 1.63e-15 7.27e-16   0.000    0.49
P03883  13.675  -3.224 5.87e-17 5.18e-17 2.88e-17  -0.000    1.32
P03428  13.686  -2.444 2.28e-13 1.77e-13 1.24e-13   0.001    0.50
P02328  13.865  -1.420 3.26e-17 2.56e-17 1.79e-17   0.001    0.48
P03024  13.773  -3.884 2.93e-16 1.77e-16 9.25e-17   0.002    0.64
P04263  13.775  -2.668 1.54e-15 8.94e-16 4.65e-16   0.000    1.18
P02833  14.014  -3.141 2.77e-16 2.08e-16 9.84e-17  -0.001    0.68
P01518  14.037  -3.134 9.95e-14 5.59e-14 2.93e-14  -0.000    0.96
P01089  14.226  -3.123 2.93e-16 1.81e-16 1.02e-16  -0.000    0.97
P04280  14.173  -3.132 1.18e-15 7.24e-16 3.23e-16   0.002    1.23
P03431  14.212  -3.103 2.41e-15 1.50e-15 6.11e-16   0.001    1.17
P01658  14.289  -2.900 1.05e-17 1.05e-17 6.67e-18   0.001    1.16
P00340  14.245  -3.130 2.35e-15 1.27e-15 6.25e-16   0.002    1.10
P02598  14.339  -3.445 6.22e-14 1.10e-13 1.27e-13  -0.001    1.16
P00861  14.364  -2.840 1.29e-15 8.13e-16 3.41e-16   0.001    0.93
P02677  14.289  -2.912 4.12e-17 3.03e-17 2.28e-17  -0.000    1.14
P02924  14.374  -3.021 4.32e-17 3.51e-17 2.57e-17   0.003    0.78
P01317  14.271  -2.719 1.79e-16 1.12e-16 6.32e-17   0.002    0.96
P03248  14.436  -3.502 3.32e-16 1.66e-16 9.73e-17   0.003    0.82
P00846  14.412  -0.088 1.89e-16 1.35e-16 7.26e-17   0.000    0.46
P04303  14.307  -3.497 3.48e-16 2.44e-16 1.09e-16  -0.000    1.17
P03953  14.465  -3.222 1.97e-15 9.69e-16 5.05e-16   0.001    1.14
P00936  14.531  -0.014 5.62e-15 3.54e-15 1.17e-15   0.001    0.43
P03473  14.623  -3.074 1.15e-15 5.72e-16 2.89e-16   0.001    0.84
P04575  14.621  -3.036 5.87e-17 4.94e-17 3.14e-17   0.002    0.79
P03335  14.539  -2.595 2.16e-13 1.27e-13 5.91e-14   0.002    0.51
P02891  14.803  -3.302 3.30e-17 2.78e-17 1.60e-17   0.001    1.07
P03363  14.729  -2.594 1.32e-15 7.28e-16 4.17e-16  -0.000    0.72
P00597  14.762  -3.125 1.05e-17 8.65e-18 7.30e-18   0.000    0.97
P03714  14.673  -2.939 4.17e-15 1.96e-15 9.33e-16   0.001    0.55
P00871  14.627  -2.363 2.11e-16 1.42e-16 7.10e-17   0.002    0.97
P04411  14.718  -3.196 6.41e-17 4.57e-17 2.76e-17   0.001    0.81
P03436  14.816  -3.073 1.09e-13 1.26e-13 1.25e-13   0.001    0.84
P00402  14.847  -2.758 2.93e-15 1.34e-15 6.86e-16   0.001    1.00
P00616  14.921  -2.956 5.72e-17 4.34e-17 2.66e-17   0.002    0.98
P01540  14.906  -0.368 8.20e-15 3.70e-15 1.77e-15   0.004    0.42
P01624  14.855  -3.070 4.02e-17 3.03e-17 2.03e-17   0.000    0.68
P01713  14.970  -1.031 1.07e-15 7.28e-16 3.37e-16   0.003    0.56
P00582  14.936  -1.638 1.29e-13 6.19e-14 2.73e-14   0.003    0.50
P00160  14.912  -3.127 1.63e-15 8.89e-16 4.47e-16   0.002    0.89
P01044  14.814  -2.874 2.01e-15 1.20e-15 5.32e-16   0.000    0.85
P02545  14.939  -3.279 2.27e-16 1.66e-16 9.01e-17   0.001    0.99
P04385  14.936  -3.010 4.33e-15 2.24e-15 1.09e-15   0.000    0.65
P00521  14.992  -3.415 1.44e-17 1.62e-17 8.85e-18   0.001    0.83
