name x y flux0 flux1 flux2 width rv
F04918   2.185 -26.813 7.52e-17 6.38e-17 5.72e-17 29.74 1045.74
F04931   2.436 -27.846 8.38e-17 6.47e-17 3.73e-17 41.86 1045.86
F04937   2.596 -27.876 1.47e-16 9.19e-17 6.00e-17 35.62 1045.95
F04920   2.642 -27.531 4.87e-17 5.14e-17 3.48e-17 16.19 1045.92
F04915   2.794 -27.642 9.03e-17 5.45e-17 4.14e-17 31.92 1045.78
F04933   2.813 -27.609 7.84e-17 4.72e-17 5.54e-17 22.16 1045.64
F04929   2.841 -27.911 9.12e-17 5.49e-17 3.58e-17 40.63 1045.86
F04923   2.842 -27.810 5.34e-17 3.12e-17 2.64e-17 34.24 1045.73
F04922   2.857 -27.786 5.52e-17 4.44e-17 3.56e-17 38.33 1045.92
F04928   2.861 -27.753 6.10e-17 5.12e-17 2.91e-17 31.81 1045.83
F04910   2.875 -27.754 5.64e-17 3.72e-17 2.74e-17 38.12 1045.86
F04912   2.877 -27.693 7.77e-17 5.02e-17 3.76e-17 34.92 1045.74
F04909   2.882 -27.789 5.74e-17 3.77e-17 3.76e-17 36.38 1045.94
F04926   2.892 -27.740 5.34e-17 3.40e-17 3.29e-17 27.88 1045.87
F04927   2.893 -27.817 7.77e-17 7.47e-17 5.52e-17 30.65 1045.84
F04916   2.894 -27.800 1.80e-17 1.44e-17 6.22e-18 33.77 1045.86
F04913   2.898 -27.784 1.29e-17 1.00e-17 5.72e-18 37.84 1045.87
F04932   2.908 -27.796 6.45e-17 4.64e-17 2.91e-17 23.09 1045.74
F04919   2.934 -27.804 8.12e-17 5.97e-17 4.77e-17 33.00 1045.92
F04924   2.938 -27.767 4.82e-17 3.43e-17 2.41e-17 30.64 1045.99
F04930   2.943 -27.844 4.91e-17 3.85e-17 2.21e-17 35.90 1045.80
F04911   2.966 -27.810 6.58e-17 4.71e-17 2.61e-17 19.28 1045.95
F04935   2.987 -28.024 5.73e-17 3.70e-17 1.74e-17 31.07 1045.87
F04936   3.047 -27.643 1.53e-16 1.02e-16 6.98e-17 28.85 1045.74
F04934   3.048 -27.780 5.16e-17 2.67e-17 1.87e-17 35.35 1045.83
F04921   3.082 -27.708 4.69e-17 2.79e-17 2.20e-17 42.53 1045.84
F04925   3.152 -27.931 8.02e-17 6.07e-17 3.54e-17 39.22 1045.77
F04914   3.411 -28.089 1.09e-17 1.07e-17 8.61e-18 34.18 1045.72
