name x y flux0 flux1 flux2 width rv
F04294  38.895 -30.142 3.86e-16 2.55e-16 1.55e-16 87.16  400.22
F04299  38.929 -31.269 2.57e-16 2.10e-16 1.37e-16 109.97  400.13
F04280  38.972 -30.245 7.00e-16 5.18e-16 3.38e-16 63.95  400.13
F04292  39.267 -31.572 3.45e-16 2.88e-16 1.76e-16 83.53  400.06
F04300  39.285 -31.210 5.54e-16 3.16e-16 3.31e-16 120.92  400.12
F04279  39.290 -31.566 7.65e-16 5.32e-16 4.52e-16 69.56  399.85
F04289  39.388 -31.430 8.17e-16 2.86e-16 2.35e-16 84.40  400.05
F04302  39.389 -31.409 3.12e-16 3.81e-16 2.75e-16 113.54  400.17
F04286  39.392 -31.454 2.96e-16 2.73e-16 2.54e-16 90.70  400.05
F04298  39.412 -31.391 9.02e-16 4.14e-16 4.52e-16 62.49  400.20
F04291  39.452 -31.423 5.54e-16 4.10e-16 2.25e-16 95.78  400.03
F04290  39.484 -31.377 6.36e-16 4.13e-16 2.54e-16 80.61  399.91
F04285  39.485 -31.535 4.17e-16 3.21e-16 3.19e-16 90.93  400.12
F04296  39.516 -31.468 2.84e-16 2.29e-16 2.08e-16 115.82  400.01
F04301  39.523 -31.635 1.12e-16 8.21e-17 5.04e-17 84.39  400.04
F04284  39.526 -31.551 8.66e-16 3.80e-16 2.50e-16 72.21  400.00
F04295  39.533 -31.408 3.94e-16 2.37e-16 1.52e-16 70.53  400.23
F04293  39.564 -31.382 3.57e-16 2.61e-16 1.67e-16 98.25  400.05
F04297  39.589 -31.559 3.92e-16 3.07e-16 2.12e-16 81.11  400.16
F04281  39.589 -31.472 3.46e-16 2.55e-16 2.52e-16 91.48  400.01
F04288  39.629 -31.304 1.31e-16 8.94e-17 6.66e-17 77.87  399.95
F04287  39.737 -31.638 9.48e-16 4.34e-16 2.87e-16 98.27  399.91
F04282  39.852 -32.404 9.10e-16 6.77e-16 4.52e-16 67.69  400.08
F04283  39.962 -31.684 4.29e-16 2.61e-16 2.00e-16 92.65  400.04
