name x y flux0 flux1 flux2 width rv
F00011 -41.290   1.172 3.72e-17 2.27e-17 1.72e-17 36.60  843.57
F00010 -41.224   1.353 8.02e-17 5.58e-17 4.77e-17 48.25  843.69
F00004 -41.010   1.303 9.30e-17 6.09e-17 4.47e-17 42.72  843.69
F00013 -40.784   1.305 8.70e-17 7.43e-17 4.80e-17 34.02  843.77
F00018 -40.703   1.059 2.26e-17 1.80e-17 1.33e-17 32.30  843.65
F00012 -40.662   1.339 1.28e-16 9.58e-17 7.00e-17 24.63  843.79
F00003 -40.657   1.255 1.20e-16 8.84e-17 6.07e-17 34.27  843.76
F00017 -40.655   1.257 9.81e-17 6.95e-17 4.31e-17 47.11  843.80
F00005 -40.649   1.288 1.08e-16 6.37e-17 4.56e-17 38.07  843.65
F00014 -40.635   1.258 5.76e-17 3.55e-17 2.74e-17 30.69  843.53
F00002 -40.635   1.298 9.73e-17 6.75e-17 4.54e-17 39.12  843.64
F00016 -40.634   1.255 9.72e-17 5.73e-17 4.90e-17 50.33  843.65
F00007 -40.633   1.206 1.03e-16 5.98e-17 4.05e-17 48.58  843.76
F00006 -40.629   1.298 9.66e-17 7.04e-17 4.18e-17 47.94  843.70
F00000 -40.625   1.269 6.80e-17 5.48e-17 2.56e-17 46.40  843.74
F00008 -40.599   1.260 6.17e-17 3.39e-17 2.77e-17 30.65  843.71
F00001 -40.557   2.321 2.15e-17 1.45e-17 1.02e-17 42.25  843.58
F00015 -40.545   1.055 6.51e-17 4.76e-17 3.47e-17 36.87  843.61
F00009 -40.526   1.241 9.85e-17 6.45e-17 4.56e-17 36.06  843.73
F00019 -40.485   1.379 6.14e-17 4.18e-17 3.24e-17 38.16  843.56
F00020 -40.361   1.224 4.81e-17 3.08e-17 2.29e-17 31.90  843.68
