name x y flux0 flux1 flux2 width rv
F02031   4.905  41.424 2.61e-17 1.80e-17 1.24e-17 19.64 1674.30
F02016   4.936  41.554 2.67e-17 2.11e-17 1.51e-17 22.68 1674.31
F02028   4.980  41.486 3.53e-17 2.76e-17 1.80e-17 25.05 1674.32
F02021   4.997  41.521 3.34e-17 2.33e-17 1.73e-17 16.84 1674.53
F02029   5.025  41.507 1.93e-17 1.56e-17 8.50e-18 20.39 1674.31
F02018   5.048  41.586 1.95e-17 1.28e-17 8.72e-18 21.95 1674.45
F02037   5.062  41.501 2.75e-17 1.69e-17 1.34e-17 20.19 1674.62
F02030   5.064  41.358 2.86e-17 2.18e-17 1.39e-17 22.56 1674.39
F02025   5.068  41.466 4.48e-17 2.94e-17 1.91e-17 19.19 1674.53
F02020   5.078  41.520 3.29e-17 2.13e-17 1.46e-17 22.57 1674.36
F02034   5.079  41.507 3.61e-17 2.46e-17 1.80e-17 16.08 1674.40
F02027   5.080  41.511 2.59e-17 1.93e-17 1.30e-17 20.99 1674.43
F02024   5.083  41.499 1.98e-17 1.30e-17 1.02e-17 28.01 1674.44
F02017   5.086  41.490 3.98e-17 2.83e-17 2.06e-17 21.28 1674.41
F02019   5.090  41.507 2.84e-17 1.87e-17 1.24e-17 16.31 1674.28
F02014   5.108  41.538 2.05e-17 1.29e-17 8.68e-18 20.66 1674.45
F02015   5.112  41.548 2.05e-17 1.46e-17 1.04e-17 16.04 1674.42
F02035   5.114  41.509 1.84e-17 1.15e-17 8.34e-18 19.83 1674.19
F02022   5.146  41.496 2.81e-17 2.16e-17 1.45e-17 21.04 1674.40
F02038   5.157  41.658 2.15e-17 1.64e-17 1.05e-17 16.11 1674.44
F02026   5.171  41.642 2.98e-17 2.15e-17 1.43e-17 20.45 1674.28
F02023   5.291  41.645 2.73e-17 1.74e-17 1.19e-17 16.28 1674.39
F02033   5.533  41.461 2.89e-17 2.13e-17 1.48e-17 24.18 1674.21
