name x y flux1 flux2 flux3 par rv
P01003   0.072  42.686 2.17e-17 1.62e-17 1.01e-17   0.001   -0.84
P04470   0.278  43.527 9.73e-17 6.49e-17 3.40e-17  -0.001   -0.65
P01861   0.375  43.658 1.19e-17 9.68e-18 6.23e-18   0.001   -0.74
P03776   0.394  43.037 1.27e-15 6.86e-16 3.13e-16  -0.001   -0.86
P04048   1.041  43.437 1.68e-16 1.04e-16 5.49e-17   0.002   -0.86
P04860   1.217  43.339 4.62e-17 3.11e-17 1.94e-17  -0.002   -0.87
P05108   1.800  43.112 4.46e-14 2.36e-14 1.24e-14  -0.001   -0.98
P04568   1.946  41.859 1.83e-16 9.58e-17 5.56e-17   0.001   -0.62
P00830   2.949  43.039 1.15e-16 7.21e-17 3.96e-17   0.001   -0.84
