name x y flux0 flux1 flux2 width rv
F06584  -2.639  10.907 7.56e-17 5.63e-17 3.35e-17 28.62 1066.28
F06590  -2.636  10.975 6.54e-17 5.79e-17 3.48e-17 27.55 1066.23
F06596  -2.609  11.194 7.64e-17 5.77e-17 3.21e-17 32.66 1066.32
F06586  -2.598  11.078 6.62e-17 5.26e-17 3.74e-17 32.72 1066.23
F06594  -2.589  10.960 5.78e-17 4.80e-17 2.32e-17 33.91 1066.31
F06585  -2.577  11.358 5.39e-17 4.43e-17 2.73e-17 36.60 1066.12
F06587  -2.572  10.935 8.81e-17 5.77e-17 3.23e-17 23.77 1066.06
F06579  -2.568  10.932 5.06e-17 4.07e-17 2.79e-17 20.94 1066.34
F06603  -2.565  11.034 1.69e-17 1.12e-17 5.98e-18 36.99 1066.29
F06588  -2.563  10.982 6.68e-17 5.76e-17 3.94e-17 38.88 1066.10
F06580  -2.562  10.887 4.64e-17 3.79e-17 2.29e-17 37.62 1066.36
F06577  -2.559  10.937 2.64e-17 1.96e-17 1.40e-17 35.54 1066.43
F06591  -2.556  11.034 1.02e-16 6.91e-17 3.32e-17 30.65 1066.14
F06595  -2.556  11.041 3.78e-17 3.17e-17 1.85e-17 38.19 1066.18
F06581  -2.552  10.939 3.26e-17 2.28e-17 1.81e-17 35.81 1066.40
F06605  -2.551  10.946 5.31e-17 3.27e-17 2.46e-17 36.95 1066.19
F06601  -2.542  10.940 2.20e-17 1.86e-17 1.27e-17 28.32 1066.24
F06602  -2.536  11.061 2.97e-17 2.37e-17 1.29e-17 27.48 1066.33
F06583  -2.535  10.947 2.90e-17 2.39e-17 1.69e-17 27.68 1066.20
F06597  -2.534  10.938 8.59e-17 6.48e-17 3.77e-17 34.19 1066.38
F06589  -2.530  10.952 4.02e-17 3.47e-17 1.86e-17 28.49 1066.41
F06593  -2.525  10.917 7.12e-17 5.53e-17 3.16e-17 29.89 1066.37
F06598  -2.524  10.905 2.92e-17 2.01e-17 1.47e-17 35.53 1066.38
F06578  -2.500  10.918 4.62e-17 3.41e-17 2.17e-17 32.91 1066.19
F06599  -2.495  10.921 1.54e-17 1.17e-17 9.07e-18 21.12 1066.49
F06592  -2.487  10.890 5.53e-17 4.64e-17 3.06e-17 28.40 1066.35
F06600  -2.277  10.735 3.20e-17 1.93e-17 1.16e-17 31.24 1066.35
F06604  -2.211  10.953 5.39e-17 3.33e-17 2.71e-17 25.30 1066.26
