name x y flux1 flux2 flux3 par rv
P04751  33.372  13.036 2.32e-17 1.86e-17 1.27e-17   0.001   -0.17
P01891  33.995  13.679 5.03e-17 3.75e-17 2.19e-17   0.001   -0.27
P04672  34.536  14.672 3.05e-16 1.92e-16 1.13e-16   0.001   -0.16
P04669  34.962  12.209 3.28e-16 2.07e-16 1.05e-16   0.000   -0.30
P03692  35.549  13.562 3.19e-16 2.02e-16 1.11e-16   0.001   -0.24
P05044  36.234  14.719 1.57e-17 1.37e-17 9.38e-18   0.002   -0.19
P00974  37.370  13.768 1.02e-15 6.46e-16 2.64e-16   0.000   -0.21
P00728  39.111  14.671 1.16e-16 6.99e-17 4.77e-17  -0.000   -0.05
P03682  41.781   8.830 9.35e-16 5.63e-16 2.74e-16   0.000   -0.68
P00257  42.617   8.868 2.89e-13 1.80e-13 8.72e-14   0.001   -0.69
P03615  42.797   6.918 1.09e-15 8.06e-16 3.18e-16   0.001   -0.43
P02745  43.565   8.197 1.25e-14 5.66e-15 2.87e-15   0.001   -0.62
P00951  43.615  10.530 7.81e-15 3.94e-15 1.85e-15   0.000   -0.73
P03490  43.850  13.220 1.32e-17 1.10e-17 1.07e-17   0.000   -0.60
P03435  44.022  11.531 2.42e-13 2.55e-13 2.23e-13   0.001   -0.65
P01038  44.077   4.828 9.71e-17 7.13e-17 5.00e-17   0.002   -0.00
P00010  44.035   9.021 3.63e-17 2.99e-17 2.11e-17   0.000   -0.67
P05012  44.269   9.027 3.71e-13 3.05e-13 2.27e-13   0.002   -0.72
P00489  44.519   7.361 5.75e-16 3.99e-16 1.90e-16   0.002   -0.56
P01284  44.695   7.921 3.12e-17 2.77e-17 2.28e-17  -0.001   -0.57
P01009  44.921   5.666 3.27e-15 1.68e-15 8.03e-16   0.000   -0.06
P00287  44.969   9.842 2.94e-17 2.15e-17 1.80e-17  -0.000   -0.64
P04229  44.986   8.720 2.52e-13 1.45e-13 6.37e-14   0.000   -0.62
