name x y flux0 flux1 flux2 width rv
F06838 -30.553  -6.958 1.11e-16 8.53e-17 5.09e-17 40.47  791.62
F06853 -30.390  -6.758 9.93e-17 5.68e-17 4.75e-17 47.27  791.64
F06855 -30.373  -6.850 1.09e-16 6.54e-17 4.88e-17 45.26  791.61
F06830 -30.372  -6.964 1.51e-16 9.02e-17 8.30e-17 50.00  791.39
F06842 -30.354  -6.916 1.00e-16 6.73e-17 4.25e-17 46.26  791.45
F06847 -30.345  -6.953 1.21e-16 1.01e-16 8.59e-17 42.60  791.60
F06837 -30.312  -6.751 6.28e-17 5.67e-17 3.33e-17 39.90  791.73
F06835 -30.301  -6.951 4.26e-17 2.42e-17 1.77e-17 42.50  791.45
F06854 -30.282  -6.872 1.39e-16 1.07e-16 6.35e-17 50.36  791.65
F06828 -30.280  -6.500 3.97e-17 3.79e-17 2.70e-17 41.13  791.58
F06845 -30.271  -5.792 1.09e-16 9.56e-17 5.47e-17 39.22  791.36
F06846 -30.261  -6.817 5.50e-17 3.34e-17 1.98e-17 41.09  791.62
F06852 -30.260  -6.891 1.37e-16 1.02e-16 6.36e-17 47.61  791.74
F06851 -30.258  -6.933 7.40e-17 5.73e-17 4.48e-17 51.45  791.67
F06834 -30.246  -6.840 2.47e-16 1.64e-16 1.34e-16 44.03  791.32
F06833 -30.227  -6.729 2.04e-16 1.70e-16 9.56e-17 50.49  791.72
F06841 -30.215  -6.821 9.31e-17 7.83e-17 4.96e-17 38.88  791.68
F06848 -30.210  -6.694 2.06e-16 1.43e-16 7.63e-17 49.11  791.45
F06831 -30.201  -7.024 1.47e-16 1.42e-16 6.61e-17 40.39  791.47
F06832 -30.192  -6.784 1.96e-16 1.13e-16 9.25e-17 39.25  791.60
F06840 -30.182  -6.835 1.17e-16 8.99e-17 5.93e-17 44.16  791.45
F06856 -30.175  -6.856 9.39e-17 5.45e-17 3.31e-17 43.17  791.59
F06844 -30.172  -6.632 5.04e-17 5.78e-17 2.83e-17 36.63  791.57
F06836 -30.156  -7.070 1.70e-16 1.26e-16 6.13e-17 33.13  791.70
F06843 -30.105  -6.975 1.33e-16 8.75e-17 7.16e-17 47.52  791.71
F06829 -30.085  -7.038 8.96e-17 7.14e-17 4.37e-17 42.59  791.83
