name x y flux0 flux1 flux2 width rv
F01189  20.866 -44.408 2.84e-17 1.93e-17 1.10e-17 21.37 2042.26
F01210  20.867 -44.424 2.66e-17 2.06e-17 9.78e-18 17.96 2042.02
F01199  20.876 -44.387 2.13e-17 2.29e-17 1.64e-17 17.64 2042.19
F01212  20.877 -44.409 2.49e-17 1.48e-17 1.00e-17 19.55 2042.16
F01213  20.883 -44.410 2.19e-17 1.44e-17 1.11e-17 15.62 2042.13
F01193  20.884 -44.369 1.69e-17 1.34e-17 9.51e-18 16.82 2041.99
F01196  20.888 -44.413 3.97e-17 2.06e-17 1.78e-17 17.08 2042.12
F01204  20.889 -44.392 2.19e-17 1.39e-17 1.05e-17 14.01 2042.30
F01211  20.892 -44.431 2.36e-17 2.03e-17 1.47e-17 19.87 2042.24
F01202  20.894 -44.405 1.37e-17 1.09e-17 6.59e-18 18.75 2042.01
F01201  20.894 -44.404 1.13e-17 1.03e-17 5.34e-18 16.46 2041.96
F01209  20.904 -44.412 2.53e-17 2.22e-17 1.41e-17 15.85 2042.09
F01205  20.907 -44.405 9.63e-18 1.01e-17 5.06e-18 18.32 2042.06
F01219  20.940 -44.365 2.79e-17 1.71e-17 1.37e-17 13.55 2042.18
