name x y flux0 flux1 flux2 width rv
F01616  33.849  26.061 1.46e-17 1.02e-17 5.43e-18 14.75 2138.14
F01607  33.893  26.086 1.23e-17 1.00e-17 6.74e-18 15.00 2138.04
F01627  33.896  26.074 2.24e-17 1.24e-17 9.34e-18 14.76 2138.19
F01622  33.897  26.085 2.29e-17 1.28e-17 8.36e-18 19.90 2138.07
F01621  33.897  26.088 2.77e-17 1.93e-17 1.23e-17 19.54 2138.17
F01603  33.904  26.081 1.73e-17 1.54e-17 9.18e-18 14.71 2138.11
F01619  33.904  26.086 1.63e-17 1.32e-17 7.52e-18 13.05 2138.07
F01629  33.904  26.096 1.84e-17 1.39e-17 1.04e-17 14.28 2137.92
F01609  33.911  26.080 1.84e-17 1.47e-17 1.06e-17 14.57 2138.05
F01612  33.914  26.107 1.64e-17 1.09e-17 8.88e-18 13.62 2138.10
F01626  34.033  26.108 2.11e-17 1.22e-17 8.99e-18 15.33 2138.34
