name x y flux0 flux1 flux2 width rv
F06288  35.680  16.291 3.53e-17 2.75e-17 2.08e-17 26.66 1354.17
F06300  35.685  16.374 3.07e-17 2.25e-17 1.35e-17 20.90 1354.04
F06280  35.921  15.523 3.29e-17 1.89e-17 1.37e-17 24.37 1354.09
F06283  35.975  15.858 4.11e-17 3.32e-17 1.90e-17 24.48 1354.22
F06293  36.031  15.948 3.77e-17 2.89e-17 1.55e-17 24.00 1354.24
F06292  36.125  15.974 4.42e-17 3.38e-17 1.83e-17 22.68 1354.26
F06297  36.135  16.154 6.69e-17 4.00e-17 2.80e-17 23.27 1354.35
F06290  36.139  16.080 2.01e-17 1.70e-17 1.24e-17 25.45 1354.40
F06284  36.150  16.062 2.68e-17 1.94e-17 1.08e-17 23.92 1354.42
F06301  36.159  15.999 2.30e-17 2.16e-17 1.19e-17 24.16 1354.30
F06289  36.168  16.090 2.06e-17 1.21e-17 1.06e-17 24.53 1354.31
F06296  36.178  15.984 3.19e-17 1.75e-17 1.45e-17 22.84 1354.16
F06294  36.180  16.023 3.90e-17 3.08e-17 1.97e-17 25.05 1354.41
F06295  36.183  16.040 5.40e-17 4.24e-17 2.66e-17 27.46 1354.20
F06291  36.194  16.068 3.97e-17 2.88e-17 2.26e-17 26.84 1354.14
F06299  36.196  16.034 2.08e-17 1.35e-17 9.99e-18 25.85 1354.31
F06282  36.200  16.171 6.76e-17 4.78e-17 2.81e-17 27.31 1354.12
F06278  36.218  16.113 6.37e-17 4.29e-17 2.76e-17 23.27 1354.32
F06286  36.263  16.241 6.33e-17 5.36e-17 2.86e-17 23.40 1354.07
F06281  36.265  16.071 3.58e-17 4.02e-17 2.25e-17 26.73 1354.49
F06302  36.333  15.990 2.47e-17 1.55e-17 8.36e-18 31.11 1354.02
F06287  36.371  16.031 2.57e-17 1.54e-17 1.16e-17 34.83 1354.37
F06279  36.404  15.925 3.38e-17 1.87e-17 1.12e-17 27.94 1354.11
F06303  36.434  16.438 3.26e-17 3.57e-17 2.13e-17 30.95 1354.08
