name x y flux1 flux2 flux3 par rv
P00245 -44.794  31.976 2.07e-15 1.56e-15 1.01e-15   0.005   -0.24
P02918 -44.597  30.149 5.80e-15 3.85e-15 2.32e-15   0.003   -0.39
P04858 -44.346  32.340 1.55e-16 7.69e-17 3.40e-17   0.006   -0.28
P00764 -44.103  32.148 3.76e-13 1.79e-13 8.24e-14   0.005   -0.39
P04135 -43.133  30.541 7.69e-15 5.06e-15 2.81e-15   0.005   -0.44
P02767 -42.715  30.316 1.02e-14 6.63e-15 3.63e-15   0.006   -0.42
P01221 -40.190  31.340 5.94e-16 5.49e-16 3.85e-16   0.006   -0.47
P01171 -36.932  30.073 4.13e-14 2.42e-14 1.24e-14   0.005   -0.60
P03809 -36.422  33.345 4.82e-14 2.85e-14 1.42e-14   0.006   -0.41
P01238 -33.614  34.360 2.15e-15 1.74e-15 1.14e-15   0.006   -0.44
P04933 -33.260  31.564 2.93e-14 1.78e-14 9.23e-15   0.006   -0.59
