name x y flux0 flux1 flux2 width rv
F00110 -36.316  29.812 1.68e-17 1.14e-17 6.82e-18 13.32 2310.64
F00121 -36.301  29.375 1.71e-17 1.22e-17 7.74e-18 16.79 2310.44
F00116 -36.284  29.454 1.61e-17 1.15e-17 8.80e-18 13.12 2310.65
F00109 -36.276  29.409 2.08e-17 1.61e-17 9.60e-18 13.10 2310.60
F00125 -36.247  29.221 1.56e-17 1.17e-17 9.24e-18 14.64 2310.54
F00127 -36.247  29.436 1.69e-17 1.11e-17 8.96e-18 12.81 2310.50
F00124 -36.245  29.548 1.93e-17 1.21e-17 8.89e-18 19.57 2310.58
F00105 -36.242  29.443 2.72e-17 2.17e-17 1.26e-17 19.04 2310.63
F00120 -35.739  29.458 1.63e-17 1.17e-17 8.07e-18 13.96 2310.22
