name x y flux0 flux1 flux2 width rv
F02284 -14.803   3.366 1.61e-17 1.16e-17 7.41e-18 30.87 1502.00
F02283 -14.786   3.278 2.40e-17 1.34e-17 1.13e-17 18.94 1502.12
F02260 -14.743   3.059 2.98e-17 1.60e-17 1.03e-17 20.11 1502.05
F02265 -14.736   3.377 1.31e-17 1.05e-17 5.53e-18 20.63 1501.98
F02280 -14.735   3.426 4.34e-17 3.30e-17 2.34e-17 25.12 1502.00
F02268 -14.636   3.273 2.59e-17 1.34e-17 1.10e-17 26.22 1501.85
F02261 -14.613   3.344 2.18e-17 1.58e-17 1.15e-17 23.08 1501.99
F02274 -14.606   3.380 3.40e-17 2.25e-17 2.00e-17 23.44 1502.11
F02258 -14.598   3.248 4.56e-17 3.25e-17 1.96e-17 23.84 1502.07
F02279 -14.584   3.359 3.25e-17 2.45e-17 1.83e-17 19.00 1502.25
F02272 -14.580   3.575 3.55e-17 2.20e-17 1.77e-17 20.17 1502.06
F02257 -14.574   3.324 2.68e-17 1.54e-17 9.19e-18 25.64 1501.93
F02281 -14.568   3.255 5.10e-17 3.31e-17 1.96e-17 24.41 1502.11
F02273 -14.560   3.365 2.42e-17 1.49e-17 1.30e-17 24.44 1502.03
F02266 -14.560   3.332 4.40e-17 3.38e-17 1.99e-17 16.66 1502.04
F02275 -14.560   3.515 3.29e-17 2.77e-17 1.81e-17 27.90 1502.05
F02278 -14.555   3.358 3.11e-17 2.08e-17 1.36e-17 26.65 1502.01
F02270 -14.553   3.330 3.99e-17 3.04e-17 1.88e-17 16.32 1502.03
F02282 -14.535   3.493 2.65e-17 1.84e-17 1.28e-17 25.38 1502.04
F02269 -14.533   3.272 2.95e-17 2.51e-17 1.82e-17 19.17 1502.03
F02259 -14.525   3.335 3.12e-17 2.01e-17 1.39e-17 23.81 1502.03
F02264 -14.524   3.199 1.81e-17 1.15e-17 7.56e-18 21.46 1501.89
F02286 -14.524   3.351 3.59e-17 2.73e-17 1.53e-17 20.73 1501.94
F02277 -14.523   3.162 3.96e-17 2.53e-17 1.66e-17 19.90 1502.04
F02267 -14.516   3.353 4.47e-17 4.17e-17 1.95e-17 15.47 1502.07
F02287 -14.505   3.299 2.50e-17 1.74e-17 1.51e-17 23.95 1501.95
F02276 -14.490   3.126 1.74e-17 1.38e-17 9.70e-18 23.99 1502.11
F02262 -14.484   3.262 2.61e-17 1.68e-17 1.09e-17 26.21 1501.98
F02285 -14.445   3.325 1.74e-17 1.54e-17 8.27e-18 27.12 1502.09
F02271 -14.334   3.405 4.32e-17 2.34e-17 2.26e-17 21.86 1501.96
F03269 -12.910  13.715 2.41e-17 1.60e-17 1.10e-17 16.11 1891.86
F03271 -12.897  13.944 3.47e-17 2.72e-17 1.61e-17 16.88 1891.87
F03272 -12.745  13.785 2.04e-17 1.37e-17 9.16e-18 15.98 1891.71
F03280 -12.736  13.828 1.71e-17 1.42e-17 7.73e-18 20.76 1891.89
F03267 -12.719  13.872 3.07e-17 2.28e-17 1.47e-17 19.69 1892.08
F03276 -12.700  14.034 1.36e-17 1.12e-17 8.84e-18 18.09 1891.86
F03283 -12.683  13.838 2.11e-17 1.61e-17 1.28e-17 15.59 1891.83
F03275 -12.667  13.743 2.75e-17 2.07e-17 1.37e-17 16.85 1891.55
F03282 -12.656  13.778 2.44e-17 1.70e-17 1.23e-17 24.13 1891.78
F03286 -12.642  13.811 1.58e-17 1.15e-17 6.87e-18 18.92 1891.75
F03266 -12.642  13.783 1.72e-17 1.22e-17 7.44e-18 17.38 1891.83
F03278 -12.640  13.788 1.93e-17 1.35e-17 7.75e-18 18.69 1891.93
F03288 -12.636  13.774 2.54e-17 1.69e-17 1.14e-17 21.13 1891.73
F03285 -12.635  13.798 3.64e-17 2.66e-17 1.65e-17 16.75 1891.71
F03274 -12.634  13.750 2.60e-17 2.03e-17 1.49e-17 19.70 1891.71
F03281 -12.627  13.777 2.15e-17 1.48e-17 8.09e-18 14.76 1891.79
F03289 -12.625  13.668 1.62e-17 1.28e-17 1.02e-17 16.90 1891.64
F03287 -12.624  13.829 1.77e-17 1.08e-17 7.39e-18 15.90 1891.98
F03294 -12.618  13.840 2.06e-17 1.20e-17 1.05e-17 15.19 1891.73
F03268 -12.615  13.751 1.20e-17 1.45e-17 9.34e-18 16.99 1891.88
F03277 -12.594  13.733 2.44e-17 1.64e-17 9.52e-18 18.31 1891.96
F03270 -12.475  13.836 3.44e-17 2.47e-17 1.74e-17 18.62 1891.91
F03290 -12.455  13.651 2.75e-17 2.26e-17 1.04e-17 19.46 1891.78
