name x y flux0 flux1 flux2 width rv
F00870  16.860  13.134 2.24e-16 1.81e-16 1.09e-16 68.43  528.30
F00883  17.083  12.492 3.82e-16 2.14e-16 1.95e-16 50.65  528.39
F00884  17.243  12.262 1.67e-16 9.59e-17 6.88e-17 40.25  528.43
F00885  17.278  12.727 2.15e-16 1.41e-16 8.87e-17 62.07  528.39
F00890  17.353  12.520 3.21e-16 3.09e-16 1.87e-16 82.26  528.28
F00867  17.388  12.739 2.96e-16 2.04e-16 1.19e-16 82.95  528.42
F00882  17.418  12.543 3.30e-16 2.70e-16 1.80e-16 74.26  528.48
F00888  17.460  12.658 9.36e-17 5.78e-17 4.52e-17 81.33  528.23
F00872  17.528  12.635 1.54e-16 1.18e-16 8.26e-17 72.88  528.42
F00866  17.574  12.605 2.44e-16 1.83e-16 1.12e-16 49.63  528.42
F00895  17.604  12.685 2.48e-16 1.38e-16 1.14e-16 76.81  528.30
F00876  17.604  12.267 2.44e-16 1.58e-16 1.10e-16 61.07  528.39
F00878  17.617  12.689 1.79e-16 1.45e-16 9.58e-17 63.41  528.32
F00892  17.622  12.681 3.34e-16 2.46e-16 1.51e-16 65.08  528.27
F00896  17.623  12.782 2.35e-16 1.93e-16 9.39e-17 60.38  528.30
F00869  17.627  12.693 1.82e-16 1.40e-16 7.21e-17 67.23  528.34
F00871  17.627  12.675 8.91e-17 6.35e-17 4.75e-17 66.37  528.37
F00873  17.629  13.043 1.01e-16 7.54e-17 5.31e-17 68.55  528.44
F00879  17.630  12.659 3.26e-16 2.11e-16 1.37e-16 62.45  528.32
F00887  17.631  12.665 3.18e-16 2.35e-16 1.77e-16 47.76  528.46
F00881  17.634  12.661 2.43e-16 1.56e-16 1.07e-16 85.36  528.44
F00874  17.637  12.631 1.90e-16 1.30e-16 8.56e-17 66.00  528.41
F00886  17.642  12.662 1.35e-16 1.05e-16 8.65e-17 62.28  528.52
F00889  17.644  12.706 1.73e-16 1.29e-16 8.49e-17 65.14  528.33
F00893  17.669  12.603 2.42e-16 1.91e-16 9.54e-17 56.84  528.32
F00875  17.680  12.711 8.75e-17 8.69e-17 4.46e-17 84.92  528.31
F00880  17.707  12.805 1.68e-16 1.46e-16 7.59e-17 68.84  528.34
F00891  17.708  12.713 2.37e-16 1.55e-16 8.85e-17 61.72  528.39
F00868  17.711  12.674 3.50e-16 2.12e-16 1.27e-16 63.40  528.18
F00894  17.784  12.882 1.51e-16 1.31e-16 6.94e-17 57.14  528.34
F00877  17.860  12.896 1.80e-16 1.26e-16 1.00e-16 67.94  528.55
