name x y flux0 flux1 flux2 width rv
F02766  -9.247 -33.708 2.17e-17 2.14e-17 1.11e-17 29.08 1285.47
F02760  -9.194 -33.519 3.76e-17 2.87e-17 2.12e-17 18.30 1285.30
F02748  -9.100 -33.445 4.17e-17 2.49e-17 1.64e-17 26.18 1285.31
F02757  -9.084 -33.521 8.47e-17 6.03e-17 3.38e-17 27.87 1285.15
F02759  -9.045 -33.487 3.82e-17 2.16e-17 1.11e-17 18.08 1285.26
F02747  -9.040 -33.476 6.06e-17 3.32e-17 2.82e-17 25.01 1285.24
F02763  -9.017 -33.508 3.94e-17 3.75e-17 2.52e-17 25.69 1285.37
F02767  -9.015 -33.449 4.74e-17 3.65e-17 2.21e-17 25.26 1285.35
F02762  -9.011 -33.429 6.73e-17 4.40e-17 3.66e-17 24.35 1285.16
F02755  -9.009 -33.445 5.11e-17 2.81e-17 1.68e-17 27.27 1285.29
F02745  -9.009 -33.446 2.94e-17 1.53e-17 1.08e-17 24.02 1285.42
F02749  -9.008 -33.440 3.93e-17 2.37e-17 1.36e-17 25.91 1285.45
F02750  -9.008 -33.445 2.91e-17 2.78e-17 1.24e-17 16.95 1285.18
F02756  -9.007 -33.443 5.44e-17 3.32e-17 3.19e-17 29.46 1285.40
F02758  -9.006 -33.441 2.68e-17 1.69e-17 1.33e-17 28.34 1285.34
F02761  -9.004 -33.463 7.41e-17 5.45e-17 3.08e-17 13.36 1285.23
F02754  -9.000 -33.458 5.24e-17 3.22e-17 2.27e-17 22.51 1285.40
F02769  -8.996 -33.436 3.63e-17 2.97e-17 2.24e-17 27.51 1285.45
F02751  -8.995 -33.464 1.19e-17 1.04e-17 6.59e-18 24.54 1285.16
F02770  -8.988 -33.549 3.94e-17 2.34e-17 1.40e-17 18.98 1285.37
F02765  -8.967 -33.464 4.85e-17 3.24e-17 2.38e-17 25.73 1285.14
F02764  -8.922 -33.452 6.91e-17 3.99e-17 2.80e-17 28.84 1285.47
F02753  -8.907 -33.395 5.78e-17 3.62e-17 2.48e-17 26.31 1285.43
