name x y flux1 flux2 flux3 par rv
P03317  21.124 -31.973 3.60e-13 2.33e-13 1.46e-13   0.002    0.36
P05074  22.046 -33.039 3.88e-17 3.68e-17 2.33e-17   0.000    0.35
P02281  22.189 -30.768 2.32e-17 1.84e-17 1.38e-17   0.001   -0.18
P02291  23.549 -30.132 1.44e-15 8.04e-16 3.80e-16   0.002   -0.24
P02405  24.737 -30.238 2.81e-13 2.38e-13 1.52e-13  -0.001   -0.24
P02540  25.837 -39.343 6.66e-16 3.62e-16 1.80e-16   0.001    0.10
P01923  25.933 -30.145 6.37e-16 4.18e-16 2.46e-16  -0.001   -0.24
P02522  25.918 -30.910 2.88e-15 1.37e-15 6.76e-16   0.000    1.45
P00778  26.405 -35.735 1.24e-13 5.72e-14 2.86e-14  -0.000    0.19
P03515  26.596 -30.503 1.45e-17 1.38e-17 1.11e-17   0.000    0.43
P03474  26.718 -31.005 6.22e-16 4.21e-16 2.61e-16  -0.000    0.41
P00925  26.897 -33.735 2.10e-17 1.99e-17 1.38e-17   0.001    0.29
P04689  27.067 -34.939 4.72e-17 4.68e-17 3.42e-17  -0.000    0.24
P04491  27.124 -32.152 1.18e-16 9.26e-17 5.72e-17   0.002    0.38
P02490  27.103 -30.865 1.77e-17 1.67e-17 1.08e-17   0.002    1.34
P03332  27.190 -30.912 2.75e-15 1.30e-15 5.87e-16  -0.001    0.43
P03949  27.426 -34.898 2.20e-17 2.35e-17 1.66e-17   0.001    0.17
P05104  27.526 -31.867 3.79e-16 2.33e-16 1.26e-16   0.001    0.33
P00174  27.702 -36.130 3.67e-17 3.46e-17 2.19e-17   0.001    0.14
P00110  27.565 -30.562 3.27e-13 2.77e-13 1.88e-13   0.002    0.45
P03893  28.236 -31.889 2.97e-13 3.22e-13 2.04e-13   0.002    0.41
P01433  28.398 -32.058 3.52e-13 1.99e-13 1.01e-13   0.001    0.34
P03984  28.400 -31.675 3.37e-17 3.05e-17 1.93e-17   0.001    0.38
P00256  28.713 -35.175 5.37e-16 3.72e-16 1.83e-16   0.001    0.21
P03306  29.057 -30.931 1.73e-14 1.08e-14 4.16e-15   0.001    0.39
P01087  29.054 -33.513 3.75e-16 2.60e-16 1.28e-16   0.001    0.25
P03098  29.238 -30.481 1.54e-15 1.03e-15 4.29e-16   0.002    0.44
P02432  29.251 -36.203 2.41e-17 2.50e-17 1.90e-17   0.000    0.20
P03358  29.410 -33.915 3.46e-16 1.75e-16 1.27e-16   0.000    0.19
P04205  29.525 -32.998 4.51e-17 3.58e-17 2.96e-17   0.002    0.28
P02429  29.578 -31.905 1.17e-16 8.30e-17 5.75e-17   0.001    0.38
P01445  29.609 -33.754 1.09e-17 1.02e-17 8.07e-18   0.000    0.19
P04323  29.520 -31.809 2.42e-17 2.00e-17 1.46e-17   0.001    0.36
P01370  29.640 -30.078 1.99e-17 1.76e-17 1.47e-17   0.002    0.44
P04617  29.664 -32.354 4.51e-17 4.15e-17 2.40e-17   0.001    0.31
P00302  29.780 -36.056 1.72e-17 1.58e-17 1.11e-17   0.002    0.10
P02104  29.959 -32.511 9.10e-14 1.46e-13 1.81e-13   0.002    0.23
