name x y flux0 flux1 flux2 width rv
F01598  -4.678 -26.357 5.36e-17 4.29e-17 2.22e-17 35.54 1271.08
F01581  -4.634 -26.463 6.85e-17 5.08e-17 4.44e-17 24.22 1271.08
F01593  -4.592 -26.708 6.05e-17 5.76e-17 4.50e-17 26.68 1271.10
F01572  -4.586 -26.435 2.86e-17 1.63e-17 1.13e-17 33.55 1271.10
F01599  -4.548 -26.414 1.72e-17 1.47e-17 1.09e-17 23.19 1271.21
F01584  -4.538 -26.386 4.91e-17 3.82e-17 2.05e-17 21.46 1271.05
F01578  -4.537 -26.501 2.77e-17 2.20e-17 1.82e-17 26.86 1271.02
F01602  -4.536 -26.486 3.21e-17 3.96e-17 1.71e-17 21.43 1270.95
F01588  -4.517 -26.412 2.35e-17 1.57e-17 1.35e-17 27.35 1270.98
F01587  -4.515 -26.503 2.18e-17 1.50e-17 9.29e-18 24.71 1270.92
F01594  -4.511 -26.466 3.28e-17 2.46e-17 1.87e-17 31.71 1270.98
F01590  -4.500 -26.446 5.07e-17 3.30e-17 3.14e-17 28.47 1270.97
F01569  -4.492 -26.486 2.20e-17 1.91e-17 1.45e-17 31.22 1270.96
F01589  -4.489 -26.484 1.48e-17 1.27e-17 1.08e-17 32.39 1271.09
F01582  -4.489 -26.467 4.43e-17 4.43e-17 2.25e-17 25.82 1271.08
F01586  -4.483 -26.468 4.23e-17 2.01e-17 1.49e-17 22.66 1271.06
F01595  -4.481 -26.475 5.44e-17 3.69e-17 2.25e-17 18.67 1270.91
F01600  -4.480 -26.477 1.07e-16 4.80e-17 4.41e-17 20.79 1270.99
F01580  -4.479 -26.477 6.73e-17 3.76e-17 2.14e-17 23.53 1271.10
F01579  -4.474 -26.474 5.14e-17 1.84e-17 2.57e-17 29.86 1270.92
F01576  -4.473 -26.550 5.28e-17 3.76e-17 2.26e-17 26.95 1271.10
F01597  -4.472 -26.471 1.85e-17 1.32e-17 1.02e-17 24.90 1270.88
F01592  -4.469 -26.392 5.98e-17 4.48e-17 2.78e-17 19.82 1271.10
F01591  -4.466 -26.478 3.11e-17 2.12e-17 1.69e-17 30.71 1270.99
F01573  -4.464 -26.494 8.71e-17 5.87e-17 3.60e-17 27.10 1270.78
F01596  -4.459 -26.394 3.77e-17 2.90e-17 1.85e-17 25.00 1271.06
F01583  -4.446 -26.550 1.90e-17 1.97e-17 1.04e-17 26.76 1270.93
F01601  -4.441 -26.498 4.18e-17 2.77e-17 1.59e-17 26.91 1270.97
F01570  -4.441 -26.578 4.91e-17 2.74e-17 2.01e-17 29.69 1270.88
F01575  -4.418 -26.514 3.29e-17 1.68e-17 2.00e-17 28.22 1270.86
F01577  -4.384 -26.577 3.31e-17 2.32e-17 1.43e-17 23.81 1271.03
F01574  -4.341 -26.673 3.27e-17 1.81e-17 1.42e-17 36.72 1270.93
