name x y flux0 flux1 flux2 width rv
F06557  -9.209  32.130 1.61e-17 1.05e-17 6.90e-18 11.69 2368.03
F06550  -9.128  32.086 1.71e-17 1.35e-17 8.26e-18 14.81 2367.96
F06561  -9.128  32.079 1.58e-17 1.31e-17 7.90e-18 11.18 2368.03
F06549  -9.113  32.071 1.61e-17 1.09e-17 8.19e-18 18.11 2368.03
F06553  -9.111  32.067 1.61e-17 1.16e-17 7.36e-18 16.29 2367.95
F06572  -9.110  32.076 2.35e-17 1.63e-17 1.18e-17 12.77 2367.98
F06565  -9.109  32.075 2.50e-17 1.70e-17 1.30e-17 12.06 2368.00
F06570  -8.987  32.081 1.45e-17 1.04e-17 6.45e-18 14.56 2368.06
F06576  -8.973  32.186 1.96e-17 1.33e-17 8.75e-18 14.24 2368.03
F03865  -0.863  34.043 1.75e-17 1.15e-17 7.50e-18 11.20 2232.39
F03855  -0.675  33.993 1.97e-17 1.38e-17 9.80e-18 17.42 2232.39
F03863  -0.668  33.679 1.40e-17 1.03e-17 6.63e-18 15.88 2232.32
F03877  -0.600  33.969 1.77e-17 1.16e-17 8.78e-18 17.17 2232.20
F03861  -0.589  33.912 1.62e-17 1.10e-17 6.78e-18 10.49 2232.25
F03880  -0.572  34.057 1.97e-17 1.41e-17 1.02e-17 16.34 2232.47
F03866  -0.553  33.949 2.08e-17 1.30e-17 8.95e-18 18.10 2232.41
F03854  -0.553  33.956 1.18e-17 1.03e-17 6.57e-18 15.87 2232.28
F03859  -0.553  33.952 1.62e-17 1.16e-17 6.76e-18 14.62 2232.24
F03868  -0.530  33.931 1.59e-17 1.32e-17 8.12e-18 15.32 2232.33
F03857  -0.502  33.790 1.36e-17 1.01e-17 6.90e-18 17.30 2232.44
F03874  -0.492  33.882 2.48e-17 1.71e-17 1.17e-17 13.32 2232.33
F03875  -0.455  34.464 1.52e-17 1.02e-17 7.44e-18 15.81 2232.19
F03883  -0.407  33.842 1.83e-17 1.22e-17 8.36e-18 13.69 2232.37
F03867  -0.386  34.021 2.09e-17 1.33e-17 1.06e-17 15.77 2232.30
F03878  -0.373  33.943 1.73e-17 1.30e-17 8.56e-18 17.89 2232.16
F03869  -0.048  33.768 1.65e-17 1.13e-17 7.45e-18 13.61 2232.26
