name x y flux0 flux1 flux2 width rv
F02672 -38.789  25.956 4.74e-17 3.26e-17 2.10e-17 27.39 1276.93
F02666 -38.700  26.198 4.09e-17 2.91e-17 1.97e-17 22.71 1276.77
F02676 -38.681  26.241 2.17e-17 1.77e-17 1.14e-17 30.50 1276.81
F02684 -38.652  26.092 4.87e-17 3.21e-17 2.13e-17 20.38 1276.74
F02674 -38.649  26.392 4.36e-17 3.85e-17 2.24e-17 30.17 1276.81
F02682 -38.645  26.051 5.46e-17 5.30e-17 2.84e-17 26.44 1276.87
F02678 -38.642  26.338 5.23e-17 3.59e-17 2.58e-17 19.43 1276.85
F02669 -38.638  26.099 3.46e-17 2.59e-17 1.90e-17 24.31 1276.61
F02679 -38.634  26.266 1.96e-17 1.40e-17 1.04e-17 26.86 1276.96
F02670 -38.609  26.192 4.02e-17 3.43e-17 2.07e-17 24.14 1276.83
F02664 -38.607  26.063 4.55e-17 3.32e-17 2.03e-17 31.43 1276.84
F02662 -38.602  26.186 7.86e-17 5.19e-17 3.35e-17 21.29 1276.73
F02683 -38.601  26.187 2.25e-17 1.68e-17 1.06e-17 28.94 1276.92
F02681 -38.597  26.223 4.06e-17 2.77e-17 1.85e-17 29.40 1276.89
F02671 -38.592  26.194 3.66e-17 2.72e-17 1.62e-17 32.56 1276.95
F02665 -38.588  26.191 4.44e-17 3.78e-17 2.52e-17 22.39 1276.82
F02663 -38.587  26.190 3.91e-17 3.13e-17 1.96e-17 27.49 1276.64
F02668 -38.564  26.107 1.78e-17 1.48e-17 9.05e-18 33.50 1276.76
F02667 -38.520  26.221 6.67e-17 4.09e-17 2.89e-17 16.49 1276.95
F02675 -38.516  26.186 5.07e-17 4.20e-17 2.44e-17 27.32 1276.88
F02677 -38.515  25.836 4.52e-17 3.16e-17 2.12e-17 21.49 1276.80
F02686 -38.504  26.488 3.31e-17 2.43e-17 1.33e-17 26.26 1276.87
F02685 -38.163  25.598 3.34e-17 2.43e-17 1.65e-17 33.87 1276.69
