name x y flux0 flux1 flux2 width rv
F05881   0.582 -31.044 1.63e-17 1.61e-17 8.45e-18 20.87 2343.71
F05874   0.869 -31.190 1.74e-17 1.23e-17 8.81e-18 14.15 2343.87
F05872   0.927 -31.294 2.47e-17 1.26e-17 6.46e-18 14.26 2343.68
F05891   0.986 -31.274 1.34e-17 1.18e-17 1.17e-17 15.32 2343.92
F05875   0.990 -31.404 1.53e-17 1.29e-17 8.23e-18 11.67 2343.76
F05873   1.080 -31.120 2.29e-17 1.57e-17 8.47e-18 13.90 2343.77
F05892   1.185 -31.445 1.11e-17 1.18e-17 6.57e-18 14.61 2343.73
F05889   1.375 -31.356 1.84e-17 1.09e-17 8.77e-18 11.63 2343.77
F05870   1.468 -30.860 2.10e-17 2.10e-17 9.16e-18 13.60 2343.62
F05553   4.506 -36.660 1.88e-17 1.48e-17 8.29e-18 15.18 2259.47
F05540   4.588 -36.699 1.86e-17 1.26e-17 1.02e-17 17.96 2259.46
F05551   4.613 -36.728 2.04e-17 1.55e-17 1.32e-17 18.15 2259.22
F05542   4.625 -36.710 2.08e-17 1.41e-17 1.05e-17 14.37 2259.37
F05548   4.634 -36.631 1.73e-17 1.32e-17 6.07e-18 15.39 2259.40
F05530   4.649 -36.696 1.91e-17 2.46e-17 1.17e-17 15.73 2259.55
F05546   4.655 -36.800 2.45e-17 1.66e-17 1.19e-17 15.46 2259.47
F05529   4.659 -36.705 1.96e-17 1.67e-17 8.40e-18 15.19 2259.42
F05544   4.669 -36.718 1.66e-17 1.54e-17 8.84e-18 14.57 2259.41
F05552   4.691 -36.734 1.34e-17 1.04e-17 8.49e-18 17.79 2259.56
F05537   4.736 -36.745 1.69e-17 1.39e-17 8.08e-18 14.46 2259.63
F05535   4.786 -36.652 1.79e-17 1.11e-17 8.25e-18 18.44 2259.48
