name x y flux0 flux1 flux2 width rv
F03094  -6.923  24.165 5.17e-17 4.33e-17 3.13e-17 20.33 1381.62
F03113  -6.922  24.210 3.59e-17 2.63e-17 1.77e-17 28.11 1381.40
F03110  -6.907  24.494 6.98e-17 5.48e-17 2.85e-17 29.13 1381.57
F03101  -6.880  24.233 3.39e-17 2.19e-17 1.72e-17 24.80 1381.37
F03108  -6.846  24.298 3.30e-17 2.44e-17 1.45e-17 24.03 1381.43
F03103  -6.837  24.293 5.74e-17 3.52e-17 3.15e-17 29.32 1381.23
F03104  -6.828  24.320 2.47e-17 1.77e-17 1.09e-17 24.14 1381.48
F03102  -6.805  24.304 4.34e-17 3.17e-17 2.17e-17 28.90 1381.48
F03097  -6.803  24.260 2.55e-17 1.71e-17 1.38e-17 22.68 1381.42
F03114  -6.802  24.257 2.29e-17 1.40e-17 1.08e-17 22.90 1381.51
F03115  -6.801  24.287 4.77e-17 3.15e-17 2.26e-17 32.46 1381.54
F03111  -6.795  24.298 2.38e-17 2.03e-17 1.14e-17 34.32 1381.54
F03112  -6.794  24.289 3.02e-17 2.52e-17 1.72e-17 23.24 1381.43
F03099  -6.791  24.264 3.42e-17 3.09e-17 1.67e-17 20.79 1381.57
F03100  -6.787  24.265 2.04e-17 1.25e-17 8.87e-18 29.83 1381.55
F03107  -6.778  24.312 2.58e-17 2.08e-17 9.56e-18 21.65 1381.51
F03106  -6.776  24.376 2.88e-17 2.33e-17 1.53e-17 27.64 1381.36
F03095  -6.776  24.324 4.95e-17 3.78e-17 2.63e-17 26.91 1381.37
F03098  -6.774  24.083 2.45e-17 1.68e-17 1.25e-17 20.43 1381.51
F03109  -6.772  24.268 4.90e-17 3.07e-17 2.16e-17 28.34 1381.36
F03093  -6.768  24.269 3.65e-17 3.73e-17 2.00e-17 26.91 1381.45
F03105  -6.758  24.264 2.28e-17 1.67e-17 1.17e-17 25.38 1381.53
F03096  -6.663  24.196 4.07e-17 2.57e-17 1.77e-17 26.92 1381.52
