name x y flux0 flux1 flux2 width rv
F06677 -42.645  44.201 3.45e-17 2.41e-17 1.58e-17 21.94 1678.60
F06675 -42.289  43.628 4.90e-17 3.36e-17 2.18e-17 23.59 1678.58
F06683 -42.280  43.424 4.44e-17 3.09e-17 2.13e-17 25.83 1678.65
F06673 -42.279  43.654 3.10e-17 2.18e-17 1.46e-17 18.72 1678.56
F06680 -42.275  43.739 2.43e-17 1.78e-17 1.20e-17 16.65 1678.62
F06686 -42.265  43.484 2.51e-17 1.73e-17 1.21e-17 18.43 1678.65
F06679 -42.252  43.445 1.66e-17 1.15e-17 8.47e-18 19.87 1678.80
F06692 -42.228  43.409 4.02e-17 2.91e-17 1.85e-17 24.11 1678.55
F06681 -42.218  43.384 3.77e-17 2.75e-17 1.81e-17 17.01 1678.50
F06689 -42.209  43.548 3.42e-17 2.48e-17 1.50e-17 19.89 1678.44
F06699 -42.206  43.466 1.58e-17 1.13e-17 7.67e-18 22.33 1678.66
F06684 -42.202  43.446 1.98e-17 1.52e-17 9.98e-18 26.43 1678.53
F06671 -42.199  43.472 4.21e-17 3.18e-17 2.15e-17 22.87 1678.71
F06693 -42.184  43.434 2.48e-17 1.82e-17 1.13e-17 15.84 1678.53
F06694 -42.183  43.445 3.50e-17 2.37e-17 1.60e-17 14.90 1678.81
F06696 -42.176  43.321 2.08e-17 1.56e-17 1.05e-17 25.85 1678.57
F06697 -42.174  43.411 3.14e-17 2.31e-17 1.44e-17 20.89 1678.68
F06685 -42.167  43.323 2.53e-17 1.72e-17 1.21e-17 24.16 1678.44
F06687 -42.116  43.379 2.36e-17 1.63e-17 1.02e-17 22.72 1678.68
F06674 -42.108  43.471 2.56e-17 1.83e-17 1.25e-17 22.90 1678.60
F06698 -42.090  43.405 2.24e-17 1.53e-17 1.02e-17 17.67 1678.67
F06691 -42.063  43.412 2.33e-17 1.73e-17 1.19e-17 17.68 1678.69
F06688 -42.048  43.292 3.69e-17 2.69e-17 1.73e-17 21.66 1678.45
F06672 -41.996  43.223 2.91e-17 1.96e-17 1.30e-17 21.65 1678.51
F06676 -41.937  43.309 1.90e-17 1.36e-17 9.05e-18 20.58 1678.72
F06678 -41.936  43.191 3.05e-17 2.01e-17 1.39e-17 24.53 1678.55
F06690 -41.839  43.399 1.63e-17 1.11e-17 7.78e-18 14.24 1678.53
