name x y flux1 flux2 flux3 par rv
P05006 -37.675  30.818 3.10e-15 1.58e-15 7.50e-16   0.002    0.96
P02179 -36.418  30.929 1.06e-16 7.25e-17 4.47e-17   0.003    0.89
P03042 -35.868  31.416 5.01e-17 3.85e-17 2.58e-17   0.001    1.01
P02692 -34.978  30.456 5.83e-14 9.47e-14 1.10e-13  -0.000    0.83
P03938 -34.580  31.615 4.71e-16 2.93e-16 1.56e-16   0.001    0.96
P04513 -34.059  32.295 9.38e-14 4.66e-14 2.20e-14   0.000    0.79
P02698 -33.881  30.443 1.16e-17 1.10e-17 8.18e-18   0.002    0.78
P04512 -33.593  31.984 1.42e-17 1.33e-17 9.89e-18  -0.000    0.75
P03383 -33.561  30.734 1.77e-16 1.17e-16 6.67e-17   0.002    0.79
P04761 -33.555  30.243 1.21e-13 6.72e-14 3.31e-14   0.002    0.66
P02492 -33.077  30.476 1.34e-17 1.23e-17 8.93e-18  -0.001    0.69
P00531 -33.030  30.836 2.39e-16 1.57e-16 8.64e-17   0.002    0.78
P04777 -32.979  30.885 1.86e-16 1.26e-16 7.14e-17   0.002    0.78
P02533 -33.095  31.260 1.59e-15 8.72e-16 4.25e-16  -0.000    0.81
P01709 -32.603  31.074 6.70e-16 4.34e-15 1.71e-14   0.001    0.74
P03888 -32.707  31.282 1.61e-13 1.64e-13 1.36e-13   0.002    0.67
P05066 -32.656  31.933 2.57e-15 1.38e-15 6.50e-16   0.002    0.49
P03775 -32.535  31.473 1.15e-16 8.08e-17 4.86e-17   0.000    0.63
P04063 -32.468  30.809 6.27e-17 4.72e-17 3.03e-17   0.001    0.67
P01054 -32.356  30.907 7.16e-17 5.50e-17 3.26e-17   0.001    0.58
P04953 -32.331  30.528 1.01e-13 5.09e-14 2.45e-14   0.000    0.41
P03056 -32.410  31.009 1.83e-13 1.69e-13 1.27e-13  -0.002    0.49
P03215 -32.301  30.171 8.70e-15 4.08e-15 1.85e-15   0.002    0.45
P01842 -32.275  30.788 7.91e-15 4.02e-15 1.79e-15   0.003    0.57
P00276 -32.162  31.064 8.22e-16 4.86e-16 2.43e-16   0.001    0.46
P01411 -32.181  30.890 1.17e-15 6.26e-16 3.33e-16   0.002    0.49
P04852 -32.218  30.860 3.64e-17 2.88e-17 1.97e-17   0.000    0.51
P04976 -32.205  30.534 2.82e-17 2.41e-17 1.61e-17   0.003    0.49
P01733 -32.115  32.313 8.15e-14 4.01e-14 1.85e-14   0.000    0.40
P03104 -32.186  31.222 1.01e-17 9.91e-18 7.45e-18   0.001    0.39
P02019 -32.134  30.857 2.74e-15 1.40e-15 6.82e-16   0.000    0.49
P01019 -32.119  30.579 1.53e-13 8.55e-14 4.16e-14  -0.000    0.41
P03489 -31.918  30.885 1.12e-17 1.08e-17 7.95e-18   0.002    0.40
P01492 -32.116  30.618 1.93e-17 1.69e-17 1.19e-17   0.001    0.34
P04912 -31.984  30.098 2.53e-16 1.64e-16 8.92e-17   0.001    0.34
P03887 -32.141  30.998 2.36e-17 2.02e-17 1.41e-17   0.000    0.44
P00630 -32.030  30.701 2.08e-13 1.70e-13 1.14e-13   0.003    0.32
P03669 -32.045  30.669 3.26e-17 2.69e-17 1.83e-17   0.000    0.34
P00490 -31.965  30.374 1.88e-13 1.15e-13 6.15e-14   0.000    0.31
P02247 -32.078  30.492 1.42e-17 1.30e-17 9.57e-18   0.001    0.32
P03889 -31.995  30.669 1.34e-17 1.25e-17 9.30e-18   0.001    0.28
P00935 -32.031  30.535 9.04e-16 5.24e-16 2.60e-16   0.002    0.21
P01812 -31.760  30.570 9.46e-14 4.88e-14 2.23e-14   0.002    0.21
P02547 -31.870  30.808 8.06e-16 5.09e-15 1.94e-14   0.000    0.27
P00507 -31.935  30.358 2.49e-16 1.62e-16 9.05e-17   0.000    0.32
P01514 -31.840  30.756 2.86e-16 1.85e-16 1.02e-16   0.001    0.26
P01373 -31.770  30.635 7.50e-17 5.60e-17 3.54e-17   0.002    0.17
P00552 -31.872  30.465 2.70e-16 1.75e-16 9.65e-17   0.002    0.11
P03355 -31.796  30.600 2.29e-15 1.22e-15 6.07e-16   0.001    0.26
P05093 -31.716  30.558 4.72e-17 3.64e-17 2.36e-17   0.001    0.15
P03301 -31.944  30.961 1.11e-14 5.44e-15 2.33e-15   0.001    0.23
P00619 -31.693  30.618 1.96e-15 1.04e-15 5.07e-16   0.001    0.20
P04136 -31.757  30.761 1.55e-15 8.46e-16 4.18e-16   0.001    0.16
P00057 -31.713  30.379 1.53e-15 8.46e-16 4.14e-16   0.002    0.10
P00006 -31.591  30.797 2.56e-16 1.76e-16 9.30e-17   0.001    0.13
P05005 -31.616  31.209 2.33e-16 1.56e-16 8.92e-17  -0.000    0.24
P04254 -31.660  30.876 3.54e-16 2.32e-16 1.18e-16   0.001    0.17
P02906 -31.559  30.282 2.52e-16 2.20e-15 1.08e-14  -0.001    0.08
P01516 -31.635  30.344 7.21e-17 5.40e-17 3.37e-17   0.000    0.05
P00627 -31.364  30.285 1.61e-17 1.48e-17 1.07e-17   0.001   -0.00
P00698 -31.104  30.558 7.05e-16 4.21e-16 2.11e-16   0.001    0.01
P03651 -31.258  30.953 6.14e-16 3.66e-16 1.91e-16   0.001    0.16
P00359 -31.169  30.802 3.25e-17 2.73e-17 1.84e-17  -0.000    0.05
P05139 -31.072  31.799 1.41e-14 3.94e-14 7.38e-14  -0.001    0.17
P03874 -31.137  30.380 5.98e-15 3.09e-15 1.38e-15   0.001   -0.02
P00194 -31.003  30.235 2.45e-17 2.06e-17 1.42e-17  -0.000   -0.03
P02372 -30.995  32.371 1.52e-15 8.49e-16 4.09e-16   0.002    0.26
P00589 -30.811  30.227 7.01e-17 5.36e-17 3.31e-17   0.002   -0.13
P02277 -30.346  30.434 1.05e-13 5.35e-14 2.54e-14  -0.000   -0.11
P04116 -30.256  32.815 6.03e-16 3.62e-16 1.92e-16   0.001    0.09
P04564 -30.024  30.006 1.56e-13 8.77e-14 4.41e-14   0.002   -0.21
