name x y flux0 flux1 flux2 width rv
F04092  16.319 -11.448 9.10e-17 5.91e-17 4.72e-17 36.19 1082.66
F04096  16.488 -11.550 1.19e-16 7.29e-17 4.49e-17 25.83 1082.52
F04098  16.512 -11.375 3.72e-17 2.90e-17 1.59e-17 27.29 1082.66
F04088  16.584 -11.293 1.93e-17 1.52e-17 6.29e-18 33.10 1082.84
F04095  16.604 -11.078 3.13e-17 2.21e-17 1.21e-17 25.75 1082.59
F04097  16.614 -11.425 4.03e-17 2.55e-17 1.56e-17 32.16 1082.68
F04100  16.642 -11.323 3.35e-17 2.38e-17 2.22e-17 30.95 1082.72
F04094  16.684 -11.371 3.82e-17 2.94e-17 1.64e-17 37.82 1082.61
F04091  16.689 -11.229 3.91e-17 3.07e-17 2.41e-17 28.55 1082.72
F04108  16.707 -11.316 5.88e-17 5.89e-17 3.10e-17 32.11 1082.62
F04105  16.735 -11.346 3.02e-17 2.79e-17 1.58e-17 30.21 1082.75
F04101  16.736 -11.318 4.52e-17 2.54e-17 1.98e-17 31.35 1082.62
F04099  16.756 -11.303 1.93e-17 1.20e-17 5.99e-18 31.90 1082.76
F04087  16.789 -11.307 4.44e-17 2.46e-17 1.72e-17 33.03 1082.51
F04093  16.845 -11.929 4.00e-17 3.84e-17 1.63e-17 34.41 1082.68
F04107  16.880 -11.399 9.78e-17 7.44e-17 3.51e-17 40.15 1082.49
F04089  16.889 -11.412 4.27e-17 3.08e-17 2.20e-17 34.64 1082.49
F04102  16.924 -11.367 8.61e-17 7.78e-17 4.17e-17 40.39 1082.70
F04106  16.936 -11.606 9.15e-17 4.72e-17 4.19e-17 30.98 1082.65
F04104  16.971 -11.447 6.58e-17 5.70e-17 3.90e-17 33.18 1082.57
F04090  16.993 -11.140 9.72e-17 7.08e-17 3.19e-17 22.70 1082.54
F04103  16.997 -11.138 8.35e-17 5.55e-17 4.10e-17 32.02 1082.62
