name x y flux0 flux1 flux2 width rv
F05337  16.912 -17.726 5.50e-17 3.45e-17 3.33e-17 21.16 1265.42
F05334  17.083 -17.571 1.91e-17 1.22e-17 8.96e-18 19.83 1265.33
F05346  17.105 -17.539 2.74e-17 1.84e-17 1.78e-17 24.54 1265.21
F05340  17.129 -17.601 2.48e-17 2.03e-17 1.56e-17 19.32 1265.42
F05342  17.206 -17.595 2.89e-17 1.59e-17 1.67e-17 28.53 1265.37
F05356  17.256 -17.533 3.27e-17 2.93e-17 1.53e-17 23.43 1265.26
F05330  17.265 -17.798 6.40e-17 4.41e-17 2.78e-17 16.63 1265.34
F05351  17.294 -17.648 4.64e-17 2.90e-17 2.47e-17 31.82 1265.26
F05335  17.295 -17.569 1.03e-16 6.39e-17 3.93e-17 26.89 1265.36
F05348  17.305 -17.546 6.37e-17 4.29e-17 4.15e-17 34.01 1265.39
F05331  17.314 -17.505 3.77e-17 2.72e-17 1.72e-17 24.21 1265.29
F05332  17.336 -17.557 2.09e-17 1.43e-17 9.21e-18 26.07 1265.41
F05355  17.339 -17.469 7.24e-17 3.84e-17 2.42e-17 32.49 1265.49
F05345  17.339 -17.637 2.76e-17 1.83e-17 1.64e-17 25.00 1265.22
F05354  17.355 -17.646 6.16e-17 4.93e-17 3.14e-17 30.24 1265.40
F05341  17.358 -17.636 1.99e-17 1.01e-17 8.90e-18 31.08 1265.12
F05347  17.361 -17.822 2.33e-17 1.96e-17 1.27e-17 27.68 1265.55
F05336  17.371 -17.615 2.75e-17 2.06e-17 1.21e-17 24.32 1265.34
F05352  17.406 -17.672 1.70e-17 1.13e-17 8.60e-18 32.30 1265.21
F05353  17.409 -17.686 5.80e-17 4.53e-17 3.09e-17 22.12 1265.30
F05343  17.414 -17.655 5.15e-17 2.98e-17 1.72e-17 22.75 1265.43
F05339  17.421 -18.081 6.13e-17 4.49e-17 2.47e-17 23.37 1265.35
F05338  17.428 -17.645 4.47e-17 2.44e-17 1.90e-17 25.53 1265.28
F05350  17.484 -17.695 6.49e-17 4.09e-17 1.86e-17 27.03 1265.36
F02906  25.391 -27.346 3.50e-17 2.53e-17 1.74e-17 25.62 1834.58
F02931  25.606 -27.484 1.64e-17 1.42e-17 7.73e-18 22.25 1834.62
F02912  25.621 -27.499 2.95e-17 1.76e-17 9.79e-18 18.99 1834.71
F02910  25.629 -27.637 3.65e-17 1.98e-17 1.34e-17 17.99 1834.65
F02924  25.642 -27.545 2.02e-17 2.00e-17 8.88e-18 21.63 1834.50
F03019  25.646 -26.120 1.84e-17 1.19e-17 8.92e-18 14.51 2069.20
F02904  25.647 -27.528 2.07e-17 1.94e-17 1.26e-17 19.20 1834.81
F02902  25.648 -27.460 2.25e-17 1.84e-17 1.21e-17 20.60 1834.68
F03020  25.665 -25.989 1.70e-17 1.11e-17 5.93e-18 17.47 2069.11
F03039  25.668 -26.238 2.52e-17 1.50e-17 9.68e-18 16.10 2069.16
F02919  25.684 -27.625 3.00e-17 1.75e-17 1.63e-17 22.34 1834.79
F02909  25.688 -27.535 2.41e-17 1.36e-17 1.23e-17 25.16 1834.68
F02926  25.695 -27.528 2.37e-17 2.15e-17 1.25e-17 22.99 1834.74
F02911  25.698 -27.534 1.62e-17 1.11e-17 7.30e-18 15.91 1834.91
F02903  25.698 -27.512 1.74e-17 1.28e-17 8.48e-18 21.47 1834.67
F02921  25.707 -27.524 2.02e-17 1.77e-17 8.80e-18 17.38 1834.77
F02927  25.708 -27.535 3.03e-17 2.63e-17 1.45e-17 13.20 1834.76
F03034  25.711 -26.077 1.30e-17 1.19e-17 7.75e-18 14.46 2069.03
F02916  25.712 -27.480 2.74e-17 1.40e-17 9.85e-18 18.30 1834.72
F02923  25.712 -27.533 1.42e-17 1.19e-17 8.93e-18 19.17 1834.61
F02929  25.717 -27.565 3.56e-17 2.48e-17 1.22e-17 16.79 1834.75
F03029  25.720 -26.134 1.96e-17 2.21e-17 1.04e-17 16.55 2068.82
F02932  25.754 -27.507 4.49e-17 2.36e-17 1.82e-17 23.73 1834.69
F02930  25.766 -27.537 1.55e-17 1.21e-17 7.13e-18 19.60 1834.85
F03018  25.770 -26.320 1.79e-17 1.02e-17 8.26e-18 14.73 2069.08
F02905  25.785 -27.528 2.10e-17 1.33e-17 8.70e-18 20.30 1834.66
F02920  25.789 -27.438 2.82e-17 2.22e-17 1.16e-17 16.58 1834.73
F03028  25.818 -26.007 2.55e-17 1.79e-17 1.18e-17 17.81 2069.00
F02928  25.831 -27.472 1.39e-17 1.05e-17 5.75e-18 21.42 1834.58
F03025  25.842 -26.195 3.49e-17 2.18e-17 1.06e-17 17.39 2069.09
F03024  25.846 -26.172 1.41e-17 1.00e-17 6.60e-18 14.87 2069.22
F03023  25.848 -26.171 1.50e-17 1.11e-17 9.50e-18 15.14 2069.17
F03022  25.852 -26.173 1.63e-17 1.01e-17 7.71e-18 15.69 2069.00
F03021  25.852 -26.172 2.86e-17 1.85e-17 1.00e-17 17.30 2069.12
F03035  25.855 -26.184 2.91e-17 2.42e-17 1.38e-17 24.01 2069.21
F03016  25.882 -26.133 2.09e-17 1.58e-17 7.36e-18 15.15 2069.15
F02915  25.908 -27.626 2.14e-17 1.71e-17 1.52e-17 25.09 1834.77
F02918  25.916 -27.730 2.29e-17 1.25e-17 1.12e-17 22.52 1834.74
F03027  25.916 -26.231 2.90e-17 1.77e-17 1.10e-17 19.07 2068.94
F03014  25.928 -26.101 2.19e-17 1.39e-17 1.64e-17 13.29 2069.06
F03040  25.933 -26.177 2.28e-17 1.07e-17 7.54e-18 15.23 2068.97
F03015  25.933 -26.181 2.48e-17 2.21e-17 1.16e-17 17.87 2069.05
F01162  27.486 -28.098 2.39e-17 1.77e-17 1.70e-17 28.71 1261.24
F01139  27.795 -28.254 7.95e-17 6.81e-17 4.05e-17 33.02 1261.22
F01152  27.807 -28.082 4.74e-17 3.15e-17 1.98e-17 25.02 1261.20
F01147  27.869 -28.148 6.76e-17 5.12e-17 3.61e-17 40.84 1261.46
F01158  27.874 -28.140 5.96e-17 4.45e-17 2.41e-17 16.91 1261.13
F01150  27.893 -28.292 2.73e-17 2.43e-17 1.26e-17 29.73 1261.33
F01142  27.901 -28.210 5.06e-17 4.72e-17 3.05e-17 24.22 1261.18
F01153  27.923 -28.164 3.83e-17 3.64e-17 2.49e-17 24.31 1261.35
F01161  27.945 -28.160 1.89e-17 1.86e-17 1.55e-17 20.98 1261.24
F01141  27.965 -28.165 5.25e-17 3.35e-17 2.11e-17 25.97 1261.28
F01135  27.970 -28.258 5.48e-17 3.41e-17 2.54e-17 18.88 1261.18
F01164  27.971 -28.186 6.59e-17 3.67e-17 3.10e-17 21.61 1261.21
F01140  27.982 -28.155 3.03e-17 1.88e-17 9.71e-18 31.31 1261.36
F01138  27.983 -28.159 3.30e-17 1.57e-17 1.16e-17 26.87 1261.24
F01157  27.986 -28.161 3.31e-17 3.17e-17 2.09e-17 23.57 1261.18
F01137  27.988 -28.157 5.43e-17 4.83e-17 2.34e-17 29.32 1261.22
F01156  27.993 -28.278 2.76e-17 2.47e-17 1.81e-17 29.12 1261.10
F01163  28.001 -28.112 1.76e-17 1.23e-17 7.91e-18 28.41 1261.19
F01148  28.008 -28.189 4.20e-17 2.12e-17 1.56e-17 23.87 1261.51
F01165  28.009 -28.279 4.59e-17 2.82e-17 2.35e-17 30.87 1261.18
F01155  28.011 -28.194 5.51e-17 4.63e-17 2.56e-17 24.06 1261.28
F01159  28.013 -28.121 8.17e-17 5.95e-17 3.18e-17 34.99 1261.22
F01149  28.029 -28.181 3.33e-17 2.69e-17 1.61e-17 29.15 1261.20
F01151  28.029 -28.142 3.25e-17 3.35e-17 1.94e-17 27.36 1261.32
F01144  28.099 -28.122 3.27e-17 2.59e-17 2.35e-17 24.31 1261.24
F01154  28.105 -28.153 7.16e-17 6.49e-17 4.12e-17 27.76 1261.16
F01160  28.204 -28.153 6.07e-17 2.48e-17 2.54e-17 27.84 1261.22
