name x y flux1 flux2 flux3 par rv
P02665  16.962 -19.506 2.23e-16 1.48e-16 8.84e-17   0.000    0.72
P01911  17.578 -22.337 4.51e-16 3.40e-16 1.80e-16   0.001    0.46
P04885  18.224 -25.322 4.94e-16 2.94e-16 1.73e-16   0.002    0.45
P00187  19.061 -17.791 7.71e-16 3.62e-16 2.00e-16   0.001    0.77
P01511  19.184 -17.984 1.56e-16 1.50e-16 8.24e-17   0.002    0.72
P03650  19.819 -17.715 7.45e-16 3.54e-16 2.17e-16   0.002    0.77
P03631  19.837 -16.928 1.61e-15 6.84e-16 3.99e-16   0.001    0.70
P02842  20.082 -17.638 1.48e-13 6.26e-14 3.10e-14   0.000    0.76
P03189  20.078 -18.394 2.58e-15 1.64e-15 6.32e-16  -0.001    0.76
P02300  20.183 -26.542 2.44e-17 2.23e-17 1.67e-17  -0.001    0.91
P04188  20.081 -16.268 1.04e-17 1.02e-17 8.57e-18   0.002    0.66
P01129  20.243 -18.229 1.72e-13 2.05e-13 1.89e-13   0.003    0.64
P01822  20.325 -17.548 1.54e-15 9.38e-16 4.92e-16   0.001    0.74
P02837  20.283 -24.736 7.35e-15 3.78e-15 1.65e-15  -0.000    0.93
P01419  20.433 -19.030 4.16e-17 3.39e-17 2.43e-17   0.002    0.71
P00579  20.753 -22.590 2.13e-13 1.48e-13 7.43e-14  -0.000    0.58
P01130  20.894 -20.602 8.58e-17 7.37e-17 4.60e-17   0.002    0.73
P03347  20.923 -19.320 1.25e-15 7.50e-16 4.32e-16  -0.001    0.78
P03594  20.997 -21.671 3.58e-16 2.83e-16 1.47e-16   0.002    0.68
P02699  21.217 -18.331 2.30e-15 1.25e-15 5.94e-16   0.002    0.57
P00240  21.393 -18.573 2.08e-16 1.24e-16 7.91e-17  -0.000    0.64
P02120  21.292 -20.066 1.14e-13 6.76e-14 3.27e-14   0.003    0.89
P01517  21.454 -18.609 4.79e-16 3.35e-16 2.00e-16   0.002    0.59
P02531  21.466 -22.530 5.59e-16 3.25e-16 1.92e-16   0.002    0.71
P03338  21.657 -21.990 2.55e-15 1.20e-15 5.84e-16  -0.000    0.97
P03318  21.839 -20.579 1.05e-13 6.01e-14 2.07e-14   0.000    0.92
P02807  21.847 -24.830 1.44e-16 1.02e-16 6.61e-17   0.002    0.35
P01375  21.983 -23.019 6.77e-17 5.26e-17 3.74e-17   0.002    0.63
P02193  22.044 -18.436 4.30e-17 3.97e-17 2.65e-17   0.000    0.57
P00062  22.050 -27.044 2.54e-16 1.72e-16 9.13e-17   0.001   -0.02
P01367  22.231 -20.685 1.08e-13 1.48e-13 1.36e-13   0.002    0.57
P02160  22.241 -24.589 7.69e-16 4.69e-16 2.40e-16   0.004    0.42
P00106  22.364 -18.466 2.13e-16 1.42e-16 8.08e-17   0.002    0.72
P00015  22.403 -23.648 1.12e-15 5.73e-16 3.28e-16   0.002    0.88
P04098  22.364 -24.481 1.78e-14 4.67e-14 9.37e-14   0.002    0.38
P01895  22.312 -25.803 4.00e-15 2.53e-15 9.93e-16   0.002    0.19
P01436  22.277 -21.640 7.30e-15 3.58e-15 1.33e-15   0.002    0.51
P01667  22.440 -21.914 7.78e-17 6.62e-17 3.67e-17  -0.001    0.73
P00950  22.462 -17.947 1.55e-17 1.47e-17 1.06e-17   0.000    0.56
P01498  22.609 -24.801 1.42e-16 1.01e-16 6.14e-17   0.000    0.42
P04688  22.631 -25.614 8.41e-16 5.16e-16 2.15e-16   0.000    0.10
P01357  22.658 -17.041 2.50e-13 1.58e-13 9.36e-14   0.002    0.52
P04213  22.634 -18.970 1.58e-13 7.82e-14 3.37e-14   0.000    0.70
P00840  22.705 -24.438 1.77e-16 1.45e-16 7.52e-17   0.002    0.45
P04604  22.707 -24.715 4.48e-16 2.98e-16 1.54e-16   0.001    0.43
P04142  22.738 -26.494 7.55e-17 6.27e-17 4.22e-17   0.001   -0.00
P01420  22.811 -17.048 9.64e-16 5.22e-16 3.29e-16   0.000    0.16
P03063  22.757 -23.286 1.24e-16 8.88e-17 5.27e-17  -0.000    0.63
P04275  22.810 -18.877 1.58e-15 1.05e-15 5.32e-16   0.003    0.64
P02230  22.752 -19.932 1.41e-16 1.13e-16 6.09e-17   0.002    0.82
P01874  22.830 -23.446 2.11e-16 1.42e-16 9.05e-17   0.001    0.59
P05078  22.865 -19.004 1.30e-16 9.77e-17 7.01e-17  -0.000    0.69
P03243  22.765 -17.222 3.65e-16 2.23e-16 1.47e-16   0.000    0.23
P00269  22.824 -17.256 3.14e-16 1.94e-16 1.19e-16  -0.000    0.45
P02984  23.001 -26.423 1.36e-13 6.28e-14 3.73e-14  -0.001   -0.01
P05087  23.043 -20.045 2.37e-16 1.86e-16 1.21e-16   0.001    0.81
P04291  23.079 -18.765 2.19e-13 1.61e-13 8.63e-14   0.001    0.61
P04468  23.059 -18.201 2.54e-16 1.60e-16 9.81e-17  -0.001    0.54
P02122  22.969 -25.666 2.27e-16 1.78e-16 9.56e-17   0.002   -0.00
P02137  22.973 -24.833 1.67e-16 8.77e-17 5.31e-17   0.001    0.40
P03254  23.008 -25.286 2.55e-17 2.26e-17 1.76e-17  -0.001    0.08
P01543  22.971 -25.385 2.64e-15 1.58e-15 6.81e-16   0.001    0.10
P05111  23.050 -25.148 9.97e-17 6.77e-17 4.89e-17   0.000    0.26
P01959  23.113 -24.758 1.08e-17 1.07e-17 7.48e-18   0.002    0.47
P01587  23.091 -16.448 2.17e-15 1.11e-15 5.83e-16   0.001    0.05
P01451  23.238 -16.130 7.38e-16 4.57e-16 2.45e-16   0.001   -0.02
P02862  23.089 -19.720 1.38e-14 7.15e-15 3.07e-15  -0.000    0.61
P02043  23.060 -25.485 9.12e-14 6.43e-14 2.22e-14   0.002    0.04
P02893  23.073 -24.938 7.71e-17 6.27e-17 3.36e-17   0.001    0.34
P02080  23.088 -18.920 1.93e-17 1.81e-17 1.25e-17  -0.002    0.59
P02536  23.264 -25.232 1.25e-16 1.11e-16 5.11e-17   0.000    0.16
P00897  23.124 -23.925 2.21e-13 1.40e-13 7.98e-14   0.000    0.58
P00494  23.303 -25.796 6.74e-16 3.99e-16 2.22e-16  -0.001    0.05
P01418  23.247 -25.032 7.20e-17 4.57e-17 3.39e-17   0.000    0.27
P01431  23.284 -25.207 3.24e-15 1.75e-15 7.32e-16   0.002    0.19
P04994  23.229 -19.705 3.79e-16 1.82e-16 1.32e-16   0.001    0.81
P02332  23.162 -25.113 1.54e-15 7.61e-16 4.48e-16   0.002    0.13
P00300  23.201 -25.151 1.53e-13 9.34e-14 3.43e-14  -0.000    0.18
P00236  23.280 -24.860 1.36e-15 8.18e-16 3.22e-16   0.002    0.38
P00415  23.223 -20.876 8.93e-17 5.81e-17 4.23e-17   0.001    0.78
P04590  23.322 -24.941 1.00e-16 7.55e-17 4.20e-17   0.001    0.37
P03525  23.365 -25.284 1.83e-16 1.18e-16 7.69e-17   0.002    0.11
P01759  23.263 -25.510 1.36e-13 7.46e-14 3.74e-14   0.000    0.06
P02370  23.338 -25.457 2.83e-16 1.82e-16 1.06e-16   0.002    0.02
P03065  23.317 -25.205 2.81e-16 1.75e-16 9.73e-17   0.001    0.08
P02944  23.330 -25.224 2.21e-13 2.54e-13 1.90e-13   0.000    0.08
P03157  23.353 -17.894 1.13e-17 9.78e-18 8.94e-18   0.002    0.25
P00397  23.329 -17.348 7.33e-17 6.79e-17 3.47e-17  -0.000    0.10
P01609  23.249 -16.019 1.05e-15 5.69e-16 3.18e-16   0.000   -0.09
P04356  23.468 -16.116 2.49e-15 1.78e-15 5.64e-16  -0.001   -0.02
P00629  23.325 -19.891 6.24e-15 3.03e-15 1.32e-15  -0.000    0.75
P04217  23.388 -25.021 7.79e-17 5.48e-17 3.78e-17   0.000    0.21
P01061  23.300 -25.130 5.98e-16 3.75e-16 1.79e-16  -0.001    0.12
P02111  23.487 -25.297 3.98e-17 3.56e-17 2.50e-17   0.000    0.13
P01913  23.400 -22.887 9.34e-16 5.22e-16 3.14e-16   0.002    0.78
P00848  23.353 -18.566 5.55e-16 3.94e-16 2.02e-16   0.003    0.52
P04198  23.467 -18.376 4.94e-17 4.58e-17 2.80e-17   0.001    0.49
P03239  23.397 -20.616 1.97e-16 1.44e-16 8.52e-17   0.000    0.73
P01304  23.412 -19.694 1.10e-15 7.51e-16 3.50e-16   0.002    0.48
P03106  23.577 -24.063 2.33e-17 1.95e-17 1.44e-17  -0.000    0.47
P03393  23.565 -18.335 4.94e-15 2.50e-15 1.17e-15  -0.000    0.38
P01606  23.453 -18.809 1.09e-17 1.12e-17 8.32e-18   0.002    0.55
P01786  23.635 -24.026 2.01e-13 9.74e-14 5.48e-14   0.001    0.53
P01769  23.561 -18.495 1.54e-16 1.32e-16 7.69e-17   0.000    0.45
P00607  23.796 -19.135 1.10e-15 6.86e-16 3.56e-16   0.001    0.67
P00919  23.805 -19.054 1.54e-16 9.44e-17 6.61e-17   0.000    0.59
P03994  23.706 -16.850 3.12e-13 2.38e-13 1.50e-13   0.001   -0.04
P03462  23.763 -18.443 6.78e-17 5.79e-17 3.68e-17   0.000    0.47
P03310  23.627 -24.030 1.54e-14 7.68e-15 3.14e-15   0.000    0.49
P00529  23.670 -19.185 7.78e-16 4.52e-16 2.51e-16  -0.001    0.47
P05015  23.725 -16.922 3.30e-16 2.12e-16 1.24e-16   0.001   -0.09
P03763  23.730 -18.090 1.08e-17 1.00e-17 7.76e-18   0.002    0.07
P01294  23.734 -18.570 8.00e-16 5.63e-16 2.77e-16   0.000    0.48
P04373  23.791 -16.259 9.25e-17 7.82e-17 4.60e-17   0.001   -0.15
P05061  23.755 -18.568 4.16e-15 2.73e-15 1.12e-15   0.002    0.42
P03356  23.876 -25.834 1.48e-17 1.67e-17 1.28e-17  -0.000   -0.03
P03623  23.762 -19.183 1.49e-14 6.73e-15 3.31e-15   0.001    0.60
P02988  24.007 -15.582 2.38e-13 1.41e-13 6.67e-14   0.003   -0.15
P04532  23.908 -18.546 1.68e-15 8.98e-16 4.61e-16   0.000    0.36
P00922  23.795 -20.047 1.94e-13 1.24e-13 6.79e-14  -0.000    0.36
P00368  23.944 -18.579 8.59e-15 4.35e-15 2.19e-15   0.000    0.36
P01811  23.908 -24.525 1.60e-16 1.17e-16 6.67e-17  -0.000    0.37
P03087  23.690 -19.221 2.22e-17 1.94e-17 1.47e-17  -0.001    0.61
P02124  24.064 -18.352 3.43e-15 1.89e-15 9.03e-16   0.003    0.21
P02835  23.905 -18.057 2.33e-16 1.70e-16 1.01e-16   0.003    0.07
P05017  24.063 -18.395 2.04e-17 2.17e-17 1.24e-17  -0.002    0.30
P00275  24.042 -18.859 1.01e-15 6.22e-16 2.95e-16   0.001    0.55
P04204  23.987 -17.136 5.06e-16 3.09e-16 1.63e-16   0.002   -0.14
P05109  24.033 -18.284 3.46e-17 3.15e-17 2.06e-17   0.001    0.34
P00384  23.987 -18.298 1.88e-16 1.40e-16 8.10e-17   0.001    0.34
P00993  23.997 -20.285 3.13e-15 1.57e-15 6.23e-16   0.000    0.35
P00223  24.099 -26.256 1.76e-17 1.94e-17 1.46e-17   0.002   -0.12
P00557  23.969 -19.910 7.36e-16 4.26e-16 2.18e-16   0.001    0.55
P00543  23.982 -18.583 9.85e-14 6.21e-14 3.03e-14   0.001    0.35
P02496  24.016 -16.741 2.81e-16 1.94e-16 1.15e-16   0.000   -0.19
P02670  24.049 -18.488 7.03e-17 4.95e-17 3.23e-17   0.001    0.32
P04023  23.974 -18.300 4.25e-17 3.98e-17 2.59e-17  -0.001    0.22
P02310  24.206 -18.885 1.52e-15 9.46e-16 4.58e-16   0.001    0.43
P02134  24.036 -16.411 1.36e-17 1.41e-17 1.13e-17   0.003   -0.21
P02136  24.081 -18.519 1.52e-14 6.81e-15 3.13e-15   0.001    0.35
P03107  24.103 -25.089 1.83e-15 1.09e-15 5.49e-16   0.002    0.21
P00565  24.032 -25.820 1.23e-13 7.84e-14 4.18e-14   0.002   -0.01
P03362  24.161 -18.617 1.82e-15 8.84e-16 4.36e-16   0.001    0.43
P01174  24.089 -18.273 1.04e-17 1.26e-17 8.32e-18   0.001    0.01
P00309  24.087 -18.340 2.22e-15 1.28e-15 5.25e-16  -0.001    0.12
P00618  24.051 -18.088 9.84e-15 4.51e-15 2.15e-15   0.003    0.02
P04915  24.079 -26.487 1.68e-15 7.77e-16 4.18e-16  -0.000   -0.07
P04369  24.185 -17.589 1.20e-17 1.10e-17 8.46e-18   0.001   -0.10
P03849  24.148 -18.964 1.57e-17 1.32e-17 1.15e-17   0.002    0.53
P01177  24.071 -17.692 1.46e-17 1.44e-17 1.17e-17   0.002    0.22
P02762  24.139 -19.000 6.56e-15 3.59e-15 1.66e-15   0.002    0.46
P02093  24.224 -18.976 3.34e-17 3.14e-17 1.97e-17   0.000    0.44
P00697  24.109 -19.220 1.87e-13 1.04e-13 4.61e-14   0.001    0.27
P00625  24.165 -18.757 1.90e-15 9.40e-16 4.87e-16   0.003    0.31
P03935  24.198 -18.572 2.80e-16 2.01e-16 1.15e-16   0.001    0.05
P01166  24.137 -28.660 9.24e-17 6.78e-17 4.37e-17   0.001   -0.22
P02259  24.236 -19.330 3.59e-16 2.63e-16 1.43e-16   0.001    0.32
P02052  24.285 -18.380 2.29e-17 2.01e-17 1.67e-17   0.002    0.09
P00539  24.242 -23.196 2.12e-13 1.19e-13 5.24e-14   0.003    0.48
P03923  24.229 -18.222 1.65e-13 9.79e-14 4.15e-14   0.002    0.06
P01103  24.332 -18.172 5.23e-15 2.43e-15 1.11e-15   0.002    0.00
P03918  24.219 -23.667 8.08e-16 4.68e-16 2.34e-16   0.002    0.69
P03083  24.404 -18.283 7.30e-16 5.13e-16 1.98e-16  -0.000    0.00
P02604  24.336 -27.901 1.59e-17 1.33e-17 9.13e-18   0.003   -0.16
P02172  24.252 -19.199 1.65e-16 1.24e-16 6.64e-17  -0.000    0.41
P00716  24.216 -23.309 2.06e-17 2.00e-17 1.49e-17  -0.000    0.47
P02751  24.396 -18.948 1.48e-15 8.06e-16 4.33e-16   0.002    0.15
P01488  24.246 -18.055 7.33e-17 5.15e-17 3.54e-17  -0.001    0.20
P04537  24.294 -25.475 8.65e-16 5.50e-16 2.38e-16   0.002    0.67
P03029  24.329 -20.654 8.47e-17 6.20e-17 3.31e-17   0.002    0.27
P01890  24.369 -19.845 6.26e-17 4.96e-17 3.25e-17   0.002    0.28
P03752  24.382 -18.380 1.23e-17 1.18e-17 1.05e-17   0.001    0.19
P01336  24.507 -18.770 3.97e-17 3.24e-17 2.03e-17   0.002    0.23
P01083  24.402 -24.972 3.50e-17 3.44e-17 2.17e-17   0.002    0.25
P04448  24.446 -20.279 1.21e-16 9.92e-17 5.38e-17   0.001    0.57
P02738  24.535 -16.114 7.82e-16 4.73e-16 2.86e-16   0.000   -0.23
P01112  24.480 -18.403 1.18e-14 5.26e-15 2.18e-15   0.001    0.05
P03160  24.458 -18.811 2.44e-15 1.32e-15 6.94e-16   0.001    0.24
P02570  24.477 -25.084 2.24e-13 1.27e-13 6.44e-14   0.001    0.20
P01278  24.519 -21.207 1.01e-13 5.43e-14 2.13e-14   0.002    0.67
P00437  24.619 -18.118 1.65e-17 1.57e-17 1.18e-17  -0.000   -0.06
P03855  24.664 -18.236 9.38e-14 4.52e-14 2.15e-14   0.001    0.11
P02518  24.564 -18.600 1.62e-17 1.46e-17 1.22e-17   0.001    0.07
P02900  24.717 -15.345 1.36e-14 7.56e-15 3.07e-15   0.001    0.14
P04817  24.647 -27.015 2.45e-13 1.82e-13 9.35e-14  -0.001   -0.15
P02343  24.632 -23.941 6.95e-16 4.74e-16 2.32e-16   0.001    0.43
P04148  24.593 -16.803 3.70e-17 2.96e-17 2.30e-17   0.001   -0.30
P01977  24.687 -19.218 5.77e-15 3.26e-15 1.38e-15   0.002    0.07
P03681  24.854 -17.568 1.60e-15 8.79e-16 5.12e-16  -0.001   -0.19
P01538  24.901 -18.498 7.91e-17 6.46e-17 3.91e-17   0.000    0.02
P00533  24.849 -16.268 3.57e-15 1.31e-15 8.47e-16  -0.001   -0.30
P04273  24.876 -19.326 3.24e-15 1.64e-15 8.16e-16   0.001   -0.01
P00644  24.841 -17.140 8.45e-17 7.35e-17 4.52e-17   0.001   -0.29
P04054  24.788 -20.340 3.19e-15 1.42e-15 9.01e-16   0.000    0.61
P02238  24.964 -18.922 1.03e-17 9.71e-18 9.19e-18   0.002   -0.00
P04847  24.910 -18.530 9.44e-17 8.30e-17 4.23e-17  -0.000    0.06
P01159  24.863 -17.581 2.66e-15 1.42e-15 5.72e-16   0.003    0.11
P04715  24.866 -19.169 2.05e-15 1.21e-15 5.46e-16   0.002    0.22
P02146  24.904 -17.209 2.59e-17 2.64e-17 1.53e-17   0.001   -0.30
P00172  24.804 -28.106 3.14e-17 2.87e-17 1.76e-17   0.001   -0.25
P02252  24.950 -18.724 2.99e-16 1.77e-16 1.03e-16   0.002    0.08
P04451  25.002 -19.798 5.99e-15 3.42e-15 1.25e-15  -0.000    0.36
P00662  25.087 -27.634 5.42e-16 3.29e-16 1.71e-16   0.001    0.46
P04455  24.960 -19.268 8.60e-15 4.79e-15 2.24e-15   0.001    0.20
P02613  25.089 -26.659 9.23e-16 5.55e-16 2.78e-16  -0.001    0.90
P04786  25.285 -19.879 6.95e-15 3.19e-15 1.25e-15   0.000    0.08
P00689  25.298 -18.937 6.47e-16 3.41e-16 2.05e-16   0.000   -0.10
P03455  25.357 -23.911 2.91e-13 2.08e-13 1.29e-13   0.000    0.32
P04712  25.304 -16.069 1.32e-16 8.41e-17 4.70e-17  -0.001   -0.36
P03466  25.396 -18.737 2.04e-17 1.85e-17 1.38e-17   0.001   -0.14
P03089  25.299 -25.107 2.23e-17 2.21e-17 1.41e-17   0.002    0.20
P04988  25.259 -18.965 1.31e-16 9.55e-17 5.78e-17   0.002    0.08
P02469  25.425 -17.596 2.36e-15 1.22e-15 5.95e-16   0.002   -0.25
P03603  25.548 -20.473 1.18e-16 7.95e-17 5.73e-17   0.002    0.39
P01530  25.568 -18.536 1.34e-16 9.56e-17 5.65e-17   0.000   -0.11
P03282  25.672 -18.526 2.31e-16 1.50e-16 7.31e-17   0.001   -0.15
P03664  25.611 -20.689 3.38e-17 2.62e-17 2.04e-17   0.002    0.54
P03061  25.789 -19.562 6.55e-16 5.04e-16 2.37e-16  -0.000   -0.01
P05002  25.629 -15.249 4.90e-17 4.38e-17 2.77e-17   0.001   -0.43
P02460  25.931 -22.718 2.35e-13 1.91e-13 1.44e-13   0.000    0.51
P01676  25.736 -27.513 7.26e-15 3.62e-15 1.87e-15   0.000    0.51
P01408  26.130 -18.011 3.30e-17 2.66e-17 1.80e-17   0.001   -0.12
P03975  26.221 -19.652 3.67e-14 7.01e-14 1.24e-13   0.000    0.16
P00635  26.413 -19.149 1.04e-17 9.98e-18 7.79e-18   0.000   -0.23
P03211  26.441 -29.079 1.00e-16 8.33e-17 4.90e-17  -0.001    1.51
P04170  26.423 -17.020 1.90e-13 2.00e-13 1.84e-13   0.001   -0.18
P00404  26.570 -27.826 3.53e-17 2.83e-17 2.14e-17   0.001    0.47
P03510  26.601 -24.561 1.01e-17 9.90e-18 6.32e-18   0.000    0.73
P00729  26.824 -19.261 2.40e-16 1.55e-16 9.77e-17   0.002   -0.24
P04238  26.825 -15.722 1.40e-16 8.92e-17 6.13e-17  -0.001   -0.43
P01848  27.036 -25.589 5.69e-16 3.02e-16 1.85e-16   0.001    0.53
P01909  27.046 -16.255 1.02e-17 9.80e-18 6.49e-18  -0.001   -0.10
P02565  27.190 -25.130 1.13e-17 1.06e-17 7.59e-18  -0.001    1.02
P04177  27.099 -19.024 1.22e-17 1.17e-17 9.53e-18  -0.000   -0.24
P04849  27.170 -28.125 5.78e-17 4.28e-17 3.14e-17   0.001    0.42
P04882  27.244 -18.379 2.10e-17 1.95e-17 1.39e-17   0.001   -0.13
P03687  27.295 -23.149 1.33e-16 9.45e-17 5.48e-17   0.002    0.48
P03360  27.244 -26.459 1.70e-16 1.01e-16 5.46e-17   0.002    1.39
P03399  27.347 -25.417 6.67e-17 4.35e-17 3.11e-17   0.001    1.24
P01807  27.422 -27.611 3.58e-15 1.84e-14 4.37e-14   0.001   -0.06
P03174  27.373 -24.980 2.48e-17 2.00e-17 1.54e-17   0.001    0.93
P04571  27.396 -23.561 5.60e-17 4.28e-17 2.99e-17   0.000    0.51
P02274  27.403 -24.759 1.07e-13 5.22e-14 2.96e-14   0.002    1.07
P03390  27.580 -26.569 4.62e-16 3.24e-16 1.32e-16  -0.001    1.42
P02027  27.644 -23.481 2.41e-16 1.56e-16 9.04e-17   0.000    0.61
P00957  27.623 -25.409 1.72e-17 1.43e-17 1.24e-17   0.001    1.10
P00191  27.662 -26.115 1.63e-13 7.74e-14 4.01e-14   0.001    1.40
P03549  27.740 -22.657 6.58e-17 5.49e-17 2.93e-17   0.000    0.56
P03459  27.699 -24.231 2.73e-17 2.00e-17 1.35e-17   0.003    0.83
P00551  27.801 -27.829 7.32e-15 3.69e-15 1.53e-15   0.001    1.44
P01588  27.868 -16.110 3.02e-16 1.89e-16 1.15e-16   0.002   -0.33
P04989  27.788 -23.886 1.20e-15 6.75e-16 3.22e-16   0.001    0.65
P03981  27.811 -26.717 1.18e-14 5.72e-15 2.66e-15   0.001    0.51
P04244  27.970 -18.196 8.54e-16 4.80e-16 2.59e-16   0.002   -0.14
P01031  27.993 -25.121 3.14e-17 2.86e-17 1.91e-17   0.000    1.14
P02272  28.131 -26.242 1.13e-13 5.30e-14 2.20e-14   0.001    1.38
P01243  27.960 -23.972 6.85e-15 3.73e-15 1.65e-15   0.001    0.82
P02493  27.960 -25.046 3.79e-15 1.82e-15 8.42e-16   0.001    1.26
P02731  27.991 -28.064 6.55e-16 4.32e-16 2.32e-16   0.001    1.29
P02110  27.955 -28.942 2.00e-15 1.16e-14 3.77e-14   0.001    0.45
P03523  27.964 -22.902 9.53e-17 7.12e-17 4.10e-17  -0.001    0.38
P01066  28.040 -23.326 2.97e-17 3.02e-17 2.07e-17   0.000    0.49
P00575  28.138 -21.031 1.09e-16 7.75e-17 4.59e-17   0.001   -0.06
P02832  28.035 -24.705 1.04e-15 5.41e-16 2.73e-16   0.003    0.91
P04583  28.079 -24.245 1.10e-14 5.12e-15 2.92e-15   0.001    1.07
P01603  28.185 -24.173 1.80e-15 1.04e-15 4.15e-16   0.001    0.86
P01844  28.169 -24.395 2.43e-16 1.61e-16 9.30e-17  -0.000    0.98
P04161  28.118 -21.024 2.15e-15 1.56e-15 7.20e-16   0.000   -0.05
P02131  28.206 -24.346 1.45e-17 1.30e-17 1.12e-17   0.002    0.94
P03801  28.297 -22.707 8.96e-17 7.18e-17 3.88e-17   0.001    0.23
P01953  28.246 -23.955 8.58e-14 4.31e-14 2.09e-14   0.001    0.90
P02365  28.116 -26.735 1.31e-13 6.68e-14 3.07e-14  -0.000    1.22
P04748  28.262 -18.325 3.41e-17 3.16e-17 2.02e-17  -0.000   -0.35
P01291  28.340 -24.824 8.23e-15 4.42e-15 1.94e-15   0.002    1.22
P04005  28.226 -26.119 7.08e-16 3.56e-16 2.10e-16   0.000    1.34
P02379  28.203 -25.527 3.63e-16 2.23e-16 1.08e-16   0.000    1.33
P01566  28.387 -23.027 3.67e-16 2.54e-16 1.18e-16   0.000    0.53
P02292  28.273 -23.129 4.75e-17 3.58e-17 2.49e-17   0.002    0.38
P04759  28.390 -20.211 8.75e-16 5.17e-16 2.58e-16   0.001    0.04
P00259  28.271 -21.227 7.12e-16 4.84e-16 2.33e-16   0.000   -0.11
P01296  28.289 -22.853 8.48e-17 5.60e-17 4.07e-17   0.000    0.42
P00140  28.406 -22.779 3.97e-15 1.77e-15 8.30e-16   0.002    0.24
P02001  28.226 -22.715 1.42e-17 1.26e-17 9.48e-18  -0.000    0.16
P00858  28.324 -24.494 9.91e-17 7.35e-17 4.35e-17   0.001    1.16
P03841  28.396 -25.643 7.94e-15 4.06e-15 1.88e-15  -0.000    1.19
P02526  28.429 -23.718 6.64e-16 4.18e-16 2.36e-16   0.001    0.78
P01091  28.377 -25.256 6.45e-16 4.06e-16 1.99e-16   0.000    1.25
P03403  28.438 -25.425 3.76e-16 2.19e-16 1.15e-16   0.001    1.23
P03413  28.434 -23.209 1.94e-16 1.17e-16 7.52e-17   0.001    0.58
P02634  28.584 -25.491 3.72e-16 2.11e-16 1.00e-16  -0.000    1.12
P00860  28.438 -23.880 1.08e-16 6.73e-17 4.82e-17   0.003    0.85
P03255  28.453 -24.031 7.71e-14 3.26e-14 1.64e-14   0.001    0.91
P00291  28.492 -15.840 4.75e-17 4.44e-17 2.33e-17   0.003   -0.18
P01472  28.587 -23.113 9.20e-15 5.38e-15 2.33e-15   0.000    0.53
P02484  28.512 -22.915 3.65e-17 3.21e-17 2.00e-17   0.001    0.30
P02102  28.525 -24.756 1.58e-17 1.55e-17 1.17e-17   0.002    1.11
P01071  28.381 -22.801 2.60e-15 1.22e-15 7.36e-16   0.002    0.14
P00306  28.509 -21.881 2.88e-16 1.58e-16 1.16e-16   0.001   -0.40
P05022  28.625 -23.528 4.10e-17 3.21e-17 2.36e-17   0.001    0.77
P02098  28.695 -18.446 2.06e-17 1.73e-17 1.22e-17   0.000   -0.61
P02595  28.618 -23.196 4.45e-16 2.93e-16 1.53e-16   0.001    0.38
P00796  28.567 -23.415 1.05e-15 6.32e-16 3.27e-16   0.003    0.76
P02058  28.552 -25.251 3.51e-17 2.75e-17 1.74e-17   0.001    1.07
P05046  28.638 -22.932 8.54e-14 3.53e-14 1.77e-14  -0.000    0.22
P01214  28.552 -24.720 7.79e-15 3.32e-15 1.71e-15   0.002    1.10
P03268  28.598 -22.680 1.03e-15 5.21e-16 2.55e-16   0.001   -0.22
P01998  28.717 -24.010 3.62e-15 1.93e-15 8.89e-16   0.001    1.03
P04588  28.664 -22.829 3.04e-17 2.32e-17 1.61e-17   0.002    0.17
P00735  28.642 -28.168 1.61e-17 1.42e-17 1.24e-17   0.001    0.48
P04214  28.678 -23.588 1.04e-15 6.92e-16 3.00e-16   0.002    0.75
P04354  28.647 -24.168 6.94e-17 6.25e-17 3.75e-17  -0.001    1.03
P02227  28.545 -24.064 1.68e-15 8.82e-16 5.24e-16   0.000    0.95
P02337  28.613 -23.092 4.88e-16 2.59e-16 1.57e-16   0.001    0.44
P01340  28.746 -23.089 3.25e-16 2.05e-16 1.09e-16   0.001    0.38
P03831  28.639 -22.301 2.20e-16 1.56e-16 8.81e-17   0.000    0.04
P00882  28.572 -23.904 1.24e-17 1.16e-17 1.01e-17   0.000    0.94
P01981  28.674 -23.156 6.46e-14 4.05e-14 1.81e-14   0.001    0.46
P05079  28.689 -22.950 1.01e-15 6.12e-16 3.01e-16   0.001    0.32
P02648  28.685 -22.949 1.80e-13 9.81e-14 5.83e-14   0.001    0.12
P01632  28.718 -22.837 2.13e-17 1.84e-17 1.28e-17   0.000    0.11
P01289  28.780 -22.507 5.47e-16 3.79e-16 1.94e-16   0.001   -0.06
P00001  28.785 -23.509 1.17e-16 7.93e-17 4.94e-17   0.000    0.82
P00773  28.678 -26.031 4.15e-15 1.65e-15 7.35e-16   0.001    1.11
P02714  28.746 -18.546 9.99e-16 5.97e-16 3.38e-16   0.000   -0.42
P00176  28.778 -22.841 1.75e-13 1.09e-13 6.22e-14   0.000    0.20
P02107  28.824 -22.968 5.49e-16 3.57e-16 1.67e-16   0.000    0.25
P02322  28.754 -23.776 4.59e-15 2.53e-15 1.13e-15   0.003    0.86
P00973  28.760 -23.222 4.13e-17 2.87e-17 1.99e-17  -0.001    0.59
P03772  28.716 -23.121 5.35e-17 4.21e-17 2.86e-17   0.001    0.34
P04958  28.662 -22.067 6.60e-16 3.80e-16 2.09e-16   0.001   -0.15
P04679  28.827 -22.973 1.64e-15 8.23e-16 4.10e-16  -0.001    0.12
P05062  28.894 -23.380 4.67e-16 2.77e-16 1.38e-16   0.000    0.55
P04723  28.703 -23.485 6.51e-15 3.84e-15 1.98e-15  -0.001    0.71
P02339  28.722 -23.725 1.66e-13 8.11e-14 5.08e-14   0.000    0.85
P04812  28.758 -23.093 4.35e-16 2.85e-16 1.58e-16  -0.000    0.30
P00222  28.907 -22.713 3.06e-15 1.68e-15 7.09e-16  -0.001    0.04
P02376  28.851 -23.794 5.88e-16 3.51e-16 1.99e-16   0.001    0.83
P02010  28.768 -17.055 2.00e-16 1.24e-16 6.49e-17   0.002   -0.24
P04372  28.847 -21.340 5.31e-16 3.03e-16 1.56e-16   0.001   -0.64
P03929  28.890 -23.137 1.52e-16 1.05e-16 5.74e-17   0.002    0.36
P04784  28.892 -24.900 8.86e-15 3.59e-15 1.66e-15   0.000    1.21
P00679  28.743 -27.545 3.45e-17 2.88e-17 1.99e-17   0.001    0.47
P04919  28.779 -22.938 3.47e-17 3.12e-17 2.01e-17   0.001    0.22
P01523  28.803 -23.208 2.74e-16 1.70e-16 8.48e-17   0.000    0.41
P04773  28.905 -16.194 3.56e-15 1.83e-15 9.92e-16   0.001   -0.28
P02176  28.898 -22.849 2.00e-15 1.27e-15 5.02e-16   0.002    0.04
P03385  28.836 -23.183 6.62e-17 4.62e-17 3.09e-17   0.002    0.55
P03927  28.933 -23.298 5.42e-15 3.18e-15 1.19e-15   0.003    0.35
P00737  28.870 -22.773 4.90e-16 3.74e-16 1.71e-16   0.002   -0.05
P05029  28.799 -23.714 9.74e-15 5.34e-15 2.28e-15   0.002    0.80
P01601  28.877 -24.276 2.43e-16 1.80e-16 1.03e-16   0.002    0.72
P03852  28.978 -22.907 6.81e-17 6.21e-17 3.91e-17   0.002   -0.14
P00193  28.924 -25.072 1.87e-14 4.49e-14 7.81e-14   0.001    0.89
P01776  28.840 -22.829 3.44e-16 1.98e-16 1.07e-16  -0.000   -0.05
P01692  28.930 -23.072 5.34e-16 2.67e-15 1.47e-14   0.001    0.20
P03142  28.950 -22.988 1.48e-15 7.42e-16 3.65e-16   0.002    0.04
P02404  28.904 -23.199 1.72e-17 1.52e-17 1.11e-17   0.002    0.57
P03813  29.004 -23.136 5.83e-17 4.48e-17 3.03e-17   0.001    0.42
P02602  28.903 -24.675 4.38e-15 2.70e-15 9.99e-16   0.001    0.95
P01099  28.922 -27.243 4.80e-15 2.46e-15 1.20e-15   0.001    0.47
P04185  29.026 -23.392 8.73e-15 4.56e-15 2.00e-15   0.000    0.73
P01260  28.918 -23.635 8.27e-17 6.08e-17 3.33e-17   0.002    0.69
P05102  28.997 -28.785 5.99e-17 4.37e-17 3.00e-17  -0.000    0.50
P04367  29.070 -24.557 1.08e-13 5.33e-14 3.00e-14   0.001    0.83
P04383  28.979 -23.522 1.79e-14 4.27e-14 8.33e-14   0.002    0.55
P04433  29.055 -22.698 4.34e-17 3.56e-17 2.18e-17   0.001   -0.29
P00687  29.040 -23.238 1.36e-16 9.29e-17 5.77e-17   0.001    0.44
P01502  29.094 -29.661 1.32e-17 1.19e-17 9.89e-18   0.002    0.47
P04783  28.972 -23.229 3.84e-15 2.08e-15 9.36e-16  -0.000    0.45
P02077  28.843 -23.946 3.90e-16 2.95e-16 1.60e-16   0.001    0.71
P01866  28.997 -22.904 3.15e-17 2.25e-17 1.75e-17  -0.000   -0.15
P00315  29.087 -22.772 1.23e-14 5.23e-15 2.16e-15   0.000   -0.13
P00581  29.003 -18.003 1.17e-15 6.45e-16 3.21e-16  -0.001   -0.69
P02571  29.050 -23.442 3.12e-17 2.60e-17 1.59e-17  -0.001    0.46
P01347  29.029 -22.750 1.21e-17 1.12e-17 1.02e-17   0.001   -0.12
P04542  29.045 -23.071 1.40e-16 8.76e-17 5.21e-17   0.001    0.17
P02473  29.012 -20.951 5.39e-16 3.48e-16 1.81e-16  -0.002   -0.63
P04282  29.055 -23.408 5.36e-15 3.06e-15 1.35e-15  -0.000    0.61
P01155  29.007 -22.233 7.78e-17 5.33e-17 3.28e-17   0.000   -0.38
P01710  29.306 -22.501 1.08e-16 8.10e-17 5.57e-17   0.001   -0.38
P04497  29.005 -21.249 5.11e-15 2.19e-14 4.90e-14   0.001   -0.54
P01698  29.168 -24.289 5.58e-17 4.99e-17 2.88e-17  -0.000    0.83
P03187  29.089 -22.240 2.94e-15 1.82e-15 8.84e-16   0.000   -0.39
P01901  29.162 -23.032 1.24e-13 5.52e-14 2.73e-14   0.001   -0.00
P04041  29.041 -20.993 8.67e-16 5.91e-16 2.98e-16  -0.000   -0.56
P04294  29.138 -23.011 2.33e-13 1.84e-13 1.31e-13   0.001   -0.13
P02986  29.127 -24.570 5.80e-16 3.24e-16 1.69e-16   0.001    0.77
P01387  29.186 -20.192 5.75e-15 2.57e-15 1.29e-15   0.001   -0.67
P03807  29.141 -23.407 2.21e-13 1.56e-13 1.08e-13   0.002    0.33
P03607  29.076 -23.989 4.57e-17 3.90e-17 2.13e-17   0.003    0.93
P01720  29.137 -23.383 2.25e-17 1.87e-17 1.69e-17   0.003    0.41
P00982  29.093 -22.640 2.49e-15 1.16e-15 6.06e-16   0.001   -0.24
P01809  29.149 -20.563 3.32e-16 2.34e-16 1.38e-16   0.002   -0.47
P04044  29.054 -23.465 4.40e-17 3.75e-17 2.58e-17   0.003    0.67
P00546  29.149 -23.311 3.32e-16 2.27e-16 1.33e-16   0.001    0.32
P02139  29.211 -22.014 2.36e-13 1.45e-13 7.40e-14   0.001   -0.33
P00681  29.257 -22.992 1.73e-16 1.29e-16 5.79e-17   0.002   -0.11
P01982  29.273 -22.697 5.94e-17 3.67e-17 2.33e-17   0.001   -0.24
P01242  29.197 -22.606 3.75e-17 2.70e-17 1.93e-17  -0.000   -0.32
P01665  29.183 -23.186 4.88e-16 3.41e-16 1.86e-16  -0.000    0.07
P05069  29.318 -23.388 5.96e-16 3.73e-16 2.34e-16   0.001    0.61
P04707  29.247 -23.187 1.72e-13 1.25e-13 6.07e-14   0.003    0.23
P00264  29.219 -22.358 8.74e-16 5.99e-16 2.84e-16   0.002   -0.38
P02930  29.317 -22.921 1.32e-16 9.83e-17 5.47e-17  -0.001   -0.25
P04285  29.281 -23.347 3.65e-15 1.70e-15 7.35e-16   0.002    0.51
P01400  29.172 -21.723 2.70e-15 1.59e-15 7.06e-16   0.002   -0.57
P05039  29.327 -22.402 7.95e-14 4.31e-14 1.75e-14   0.002   -0.35
P03018  29.379 -22.468 4.86e-17 3.38e-17 2.22e-17   0.001   -0.25
P04789  29.371 -22.011 1.10e-15 6.14e-16 3.37e-16   0.000   -0.38
P00296  29.368 -22.476 1.03e-17 9.82e-18 8.41e-18  -0.000   -0.23
P03023  29.386 -20.608 1.96e-13 1.14e-13 6.63e-14   0.000   -0.67
P04431  29.373 -23.277 7.44e-16 4.21e-16 2.01e-16   0.001    0.21
P01252  29.293 -20.750 5.63e-16 3.19e-16 1.55e-16   0.001   -0.70
P00583  29.464 -21.830 1.25e-13 6.73e-14 3.01e-14   0.001   -0.49
P02398  29.488 -21.661 1.05e-16 6.88e-17 4.01e-17   0.001   -0.58
P00374  29.501 -22.636 5.20e-17 3.84e-17 2.72e-17   0.002    0.02
P03320  29.382 -24.898 2.83e-15 1.34e-15 7.16e-16  -0.000    0.55
P02721  29.455 -23.940 5.52e-15 2.62e-15 1.43e-15   0.001    0.43
P02101  29.562 -20.929 6.59e-17 4.25e-17 2.53e-17   0.000   -0.69
P05019  29.643 -22.652 1.24e-16 7.47e-17 5.06e-17   0.003   -0.04
P02356  29.488 -22.870 1.11e-15 7.04e-16 3.13e-16   0.001   -0.12
P04620  29.532 -20.962 3.41e-17 2.79e-17 1.75e-17  -0.001   -0.71
P00479  29.543 -21.809 2.09e-13 1.54e-13 7.62e-14   0.001   -0.55
P02895  29.575 -20.092 1.97e-15 1.20e-15 5.42e-16   0.001   -0.28
P00476  29.585 -16.882 3.04e-16 2.00e-16 1.04e-16   0.002   -0.85
P01737  29.569 -20.637 5.17e-15 3.00e-15 1.21e-15  -0.001   -0.76
P05030  29.585 -19.819 1.06e-15 6.15e-16 3.04e-16   0.002   -0.80
P02904  29.626 -20.478 2.47e-15 1.23e-15 6.83e-16   0.000   -0.78
P01941  29.574 -23.768 3.05e-17 2.80e-17 1.66e-17   0.000    0.48
P00877  29.597 -22.235 2.73e-15 1.47e-15 6.02e-16   0.000   -0.28
P04758  29.636 -22.896 1.22e-17 1.20e-17 8.61e-18  -0.000   -0.03
P00378  29.682 -23.377 4.23e-16 1.97e-16 1.56e-16  -0.001    0.28
P00332  29.671 -20.043 1.29e-16 9.19e-17 4.96e-17  -0.000   -0.85
P04735  29.913 -22.161 1.21e-15 5.93e-16 2.75e-16   0.001   -0.05
P01780  29.816 -22.239 8.11e-17 6.45e-17 3.45e-17   0.000   -0.29
P00341  29.752 -22.988 5.58e-17 3.81e-17 2.28e-17   0.003    0.17
