name x y flux1 flux2 flux3 par rv
P00845  30.353  22.737 1.17e-15 9.79e-16 6.25e-16   0.004    0.77
P00732  30.565  27.097 1.48e-13 7.36e-14 3.71e-14   0.006    1.12
P01850  30.597  23.421 4.61e-16 3.90e-16 2.88e-16   0.003    0.98
P02461  30.753  25.525 3.81e-16 3.35e-16 2.73e-16   0.003    1.11
P02459  31.147  21.871 2.68e-16 2.83e-16 2.16e-16   0.004    0.89
P02723  31.398  26.363 5.85e-12 4.01e-12 1.94e-12   0.003    1.06
P01885  31.661  23.270 7.68e-15 4.68e-15 2.84e-15   0.004    0.90
P00218  31.847  22.096 3.81e-15 2.90e-15 1.62e-15   0.005    0.91
P03060  31.918  25.974 1.17e-15 9.78e-16 6.00e-16   0.007    1.06
P03293  32.307  24.567 4.31e-12 2.62e-12 1.36e-12   0.005    0.92
P00342  33.252  28.573 3.89e-14 2.25e-14 1.13e-14   0.005    0.98
P00474  33.851  24.273 1.07e-16 1.19e-16 8.76e-17   0.003    0.84
P01456  34.005  24.519 2.25e-14 1.34e-14 7.25e-15   0.004    0.79
P00261  33.916  23.601 9.85e-17 1.18e-16 9.81e-17   0.005    0.66
P01567  34.265  28.006 4.54e-16 4.52e-16 2.86e-16   0.004    0.98
P01064  34.440  29.592 1.57e-13 7.82e-14 3.81e-14   0.004    0.84
P01583  34.597  26.433 2.29e-12 1.08e-12 5.48e-13   0.004    0.95
P04415  34.513  25.927 5.24e-15 3.11e-15 1.90e-15   0.002    0.85
P03206  34.990  29.031 3.99e-16 3.99e-16 2.54e-16   0.005    0.97
P02345  35.019  28.020 2.32e-15 1.79e-15 1.16e-15   0.006    0.85
P02128  35.171  26.931 1.92e-14 1.15e-14 6.06e-15   0.005    0.89
P02786  35.130  26.460 5.16e-14 2.57e-14 1.39e-14   0.006    0.91
P01313  35.148  28.680 3.13e-14 1.63e-14 8.00e-15   0.005    0.89
P04529  35.384  27.629 4.98e-12 2.42e-12 1.20e-12   0.005    0.87
P01429  35.437  26.763 2.69e-12 1.42e-12 6.50e-13   0.003    0.83
P04218  36.072  25.027 3.76e-16 3.50e-16 2.62e-16   0.005    0.78
P02574  36.100  26.190 1.16e-15 9.22e-16 6.40e-16   0.003    0.69
P00407  36.223  28.021 2.84e-14 1.63e-14 7.91e-15   0.004    0.90
P04401  36.293  28.156 2.20e-14 1.46e-14 6.49e-15   0.004    0.86
P02954  36.579  23.988 4.83e-15 2.95e-15 1.68e-15   0.003    0.59
P05068  36.606  28.513 8.51e-12 6.29e-12 3.97e-12   0.003    0.73
P00425  36.848  28.348 1.04e-15 8.18e-16 5.90e-16   0.006    0.69
P01868  37.039  26.057 1.68e-15 1.23e-15 9.26e-16   0.004    0.73
P03695  37.066  25.592 1.24e-16 1.51e-16 1.12e-16   0.004    0.57
P03779  37.769  27.889 3.93e-16 3.19e-16 2.45e-16   0.005    0.75
P01022  38.006  29.131 1.26e-14 7.52e-15 5.05e-15   0.004    0.68
P03367  38.016  27.770 9.81e-17 1.06e-16 9.93e-17   0.004    0.67
P00801  37.998  26.714 1.08e-15 8.86e-16 6.16e-16   0.002    0.70
P00631  38.035  26.012 1.03e-15 8.39e-16 5.12e-16   0.006    0.52
P02200  38.735  26.882 9.17e-17 1.04e-16 1.02e-16   0.005    0.68
P04668  38.681  27.125 5.83e-13 1.50e-12 2.78e-12   0.004    0.59
P03139  38.695  29.335 1.33e-13 6.35e-14 2.60e-14   0.005    0.64
P01612  38.706  27.280 1.50e-16 1.86e-16 1.26e-16   0.004    0.59
P04466  38.676  29.231 3.15e-13 1.61e-13 7.82e-14   0.004    0.57
P03169  38.854  25.720 2.40e-14 1.42e-14 6.46e-15   0.004    0.39
P00069  38.843  28.358 3.99e-17 1.78e-17 7.31e-18   0.003    0.57
P03699  39.024  25.314 1.56e-15 1.29e-15 7.55e-16   0.006    0.61
P05047  38.806  28.838 6.89e-14 3.60e-14 1.78e-14   0.003    0.56
P01840  39.118  21.667 3.82e-17 4.31e-17 4.11e-17   0.004    0.33
P03645  39.183  21.344 3.33e-14 1.77e-14 8.67e-15   0.004    0.40
P04859  39.385  28.273 3.60e-12 1.91e-12 9.63e-13   0.004    0.60
P03191  39.425  28.578 6.69e-14 3.64e-14 1.90e-14   0.005    0.47
P00498  39.812  29.354 2.74e-12 1.38e-12 6.23e-13   0.005    0.47
P02287  39.892  27.579 1.26e-14 7.38e-15 3.92e-15   0.003    0.40
P00225  39.739  26.959 1.05e-16 1.27e-16 1.13e-16   0.005    0.56
P04290  39.833  27.942 4.10e-13 1.91e-13 9.23e-14   0.004    0.41
P04199  39.740  28.827 5.39e-16 4.59e-16 3.46e-16   0.004    0.49
P01855  39.918  29.486 5.01e-12 5.32e-12 4.58e-12   0.006    0.45
P01532  40.004  28.900 6.16e-14 3.22e-14 1.50e-14   0.004    0.50
P04009  40.041  29.949 1.26e-13 6.53e-14 2.84e-14   0.006    0.43
P03599  40.160  28.622 5.68e-16 5.65e-16 3.77e-16   0.004    0.36
P01703  40.103  29.299 3.34e-12 1.67e-12 7.40e-13   0.005    0.27
P00228  40.074  28.001 3.46e-13 1.83e-13 8.03e-14   0.004    0.37
P03035  40.282  28.183 5.47e-15 3.24e-15 2.10e-15   0.005    0.34
P03878  40.220  29.999 3.60e-14 2.06e-14 9.46e-15   0.003    0.38
P03785  40.264  28.482 1.03e-13 5.28e-14 2.53e-14   0.004    0.27
P00602  40.190  26.756 8.58e-16 7.09e-16 4.76e-16   0.004    0.34
P02211  40.307  29.807 1.56e-15 1.40e-15 9.19e-16   0.005    0.24
P03959  40.349  25.020 1.60e-13 7.88e-14 3.59e-14   0.004    0.27
P03922  40.476  26.279 1.67e-15 1.13e-15 7.92e-16   0.003    0.30
P03304  40.520  28.393 6.71e-15 4.65e-15 2.61e-15   0.005    0.29
P01743  40.546  28.722 2.26e-16 1.09e-16 4.15e-17   0.005    0.22
P03910  40.609  29.881 2.47e-14 1.41e-14 7.03e-15   0.006    0.23
P03014  40.429  29.530 7.37e-14 3.61e-14 1.92e-14   0.005    0.16
P03406  40.734  28.859 3.95e-15 2.81e-15 1.62e-15   0.004    0.10
P02342  40.720  29.892 4.16e-13 2.32e-13 1.02e-13   0.006    0.29
P01705  40.904  29.590 2.03e-15 1.57e-15 9.60e-16   0.006    0.06
P04365  41.076  29.532 8.68e-16 7.26e-16 5.46e-16   0.006   -0.00
P03928  41.346  28.669 1.35e-16 1.60e-16 1.24e-16   0.005    0.06
P00959  41.836  29.851 1.22e-16 1.35e-16 1.16e-16   0.004    0.02
P00895  42.025  29.434 3.89e-15 2.82e-15 1.85e-15   0.004   -0.05
P02621  41.865  27.717 3.40e-15 2.53e-15 1.45e-15   0.004    0.11
P02216  41.859  29.144 1.81e-14 1.16e-14 5.68e-15   0.007    0.02
P05099  41.993  29.363 4.40e-14 2.66e-14 1.24e-14   0.005    0.04
P03960  42.610  29.813 3.28e-15 2.40e-15 1.45e-15   0.005   -0.12
P01203  42.835  28.752 2.73e-15 1.95e-15 1.04e-15   0.004    0.02
P02935  42.692  28.594 2.27e-16 2.36e-16 1.95e-16   0.002    0.01
P01937  42.981  27.193 1.08e-13 6.52e-14 2.67e-14   0.003    0.08
P02278  43.468  19.345 3.72e-15 2.33e-15 1.26e-15   0.004    0.19
P03047  43.548  27.671 1.49e-16 1.48e-16 1.15e-16   0.003   -0.14
P03138  43.784  25.800 1.23e-16 1.25e-16 1.10e-16   0.006   -0.15
P03805  44.084  25.734 1.08e-14 7.19e-15 3.41e-15   0.004    0.10
P05067  44.401  28.642 2.46e-16 2.45e-16 1.92e-16   0.004   -0.13
P00822  44.495  28.124 2.78e-16 2.75e-16 2.43e-16   0.005   -0.24
P00345  44.863  27.345 1.57e-13 8.50e-14 4.15e-14   0.005   -0.05
