name x y flux1 flux2 flux3 par rv
P01342 -32.699  27.755 1.69e-17 1.38e-17 9.36e-18   0.000    0.39
P02133 -32.629  29.615 6.94e-16 3.79e-16 1.94e-16   0.000    0.41
P01385 -32.241  29.836 2.10e-17 1.88e-17 1.32e-17   0.001    0.36
P03815 -32.136  29.049 1.44e-17 1.24e-17 9.55e-18  -0.000    0.30
P01649 -32.015  29.522 1.31e-16 9.87e-17 5.33e-17  -0.001    0.26
P04359 -31.791  28.125 1.90e-13 1.40e-13 9.04e-14   0.002    0.27
P02351 -31.419  29.692 1.19e-17 1.06e-17 8.50e-18   0.001    0.13
P00921 -31.263  28.334 4.10e-17 3.15e-17 1.92e-17   0.000    0.22
P04428 -30.857  29.212 1.95e-15 1.04e-15 4.80e-16  -0.001    0.01
P02814 -30.779  29.978 1.59e-16 1.10e-16 6.06e-17  -0.001   -0.18
P03698 -30.594  29.314 7.41e-15 3.74e-15 1.64e-15   0.001   -0.16
P00831 -30.441  27.472 5.70e-16 3.13e-16 1.63e-16   0.003    0.20
P03658 -30.060  29.175 1.21e-15 7.06e-16 3.06e-16   0.001   -0.04
P04335 -30.190  28.854 2.89e-15 1.55e-15 6.83e-16  -0.000   -0.10
P04489 -30.144  29.795 1.66e-13 8.95e-14 4.60e-14   0.001   -0.18
