name x y flux0 flux1 flux2 width rv
F02938 -37.925   0.086 4.35e-17 2.27e-17 1.82e-17 15.31 1662.31
F02955 -37.918   0.274 1.28e-17 1.11e-17 6.48e-18 25.79 1662.54
F02949 -37.913   0.136 1.65e-17 1.06e-17 8.11e-18 17.60 1662.50
F02947 -37.895   0.222 3.25e-17 2.57e-17 1.64e-17 15.40 1662.41
F02941 -37.875   0.206 4.95e-17 3.28e-17 2.16e-17 22.31 1662.20
F02956 -37.870   0.219 3.27e-17 2.70e-17 1.74e-17 26.07 1662.52
F02952 -37.857   0.157 2.38e-17 1.93e-17 1.10e-17 24.71 1662.48
F02953 -37.852   0.220 2.14e-17 1.41e-17 9.05e-18 15.45 1662.50
F02944 -37.849   0.207 3.40e-17 3.00e-17 2.18e-17 24.67 1662.47
F02951 -37.846   0.209 3.67e-17 2.44e-17 1.43e-17 18.62 1662.43
F02950 -37.842   0.198 4.53e-17 3.85e-17 2.26e-17 20.86 1662.53
F02936 -37.840   0.212 3.72e-17 2.55e-17 1.57e-17 25.11 1662.58
F02940 -37.839   0.213 4.79e-17 3.22e-17 2.10e-17 22.24 1662.37
F02935 -37.839   0.241 3.17e-17 2.05e-17 1.32e-17 22.83 1662.42
F02934 -37.838   0.212 2.64e-17 1.72e-17 1.20e-17 18.62 1662.32
F02954 -37.830   0.211 4.07e-17 2.83e-17 1.69e-17 17.82 1662.38
F02945 -37.818   0.242 2.24e-17 1.67e-17 1.14e-17 16.05 1662.49
F02943 -37.796   0.244 3.49e-17 2.01e-17 1.16e-17 19.82 1662.47
F02933 -37.781   0.223 2.49e-17 1.68e-17 1.05e-17 17.07 1662.43
F02939 -37.775   0.137 3.35e-17 2.38e-17 2.20e-17 20.76 1662.38
F02948 -37.773   0.148 3.81e-17 2.44e-17 1.52e-17 23.51 1662.58
