name x y flux0 flux1 flux2 width rv
F06452 -17.517  14.795 1.77e-17 1.47e-17 1.01e-17 16.03 2168.85
F06469 -17.514  14.769 2.78e-17 1.50e-17 1.06e-17 12.55 2168.95
F06459 -17.501  14.772 3.12e-17 2.35e-17 1.45e-17 16.10 2169.23
F06462 -17.470  14.804 1.59e-17 1.04e-17 6.04e-18 12.93 2168.90
F06456 -17.454  14.843 1.81e-17 1.20e-17 1.02e-17 18.13 2168.98
F06458 -17.447  14.734 1.34e-17 1.11e-17 5.62e-18 12.30 2168.98
F06461 -17.441  14.823 1.80e-17 1.31e-17 6.27e-18 17.89 2168.97
F06453 -17.435  14.826 1.41e-17 1.06e-17 6.95e-18 12.35 2168.71
F06455 -17.430  14.822 1.91e-17 1.86e-17 1.26e-17 10.02 2168.86
F06460 -17.429  14.783 1.92e-17 1.40e-17 7.16e-18 14.97 2168.96
F06467 -17.412  14.785 1.74e-17 1.28e-17 6.56e-18 15.30 2168.98
F06466 -17.384  14.827 1.78e-17 1.39e-17 1.01e-17 16.48 2168.79
F06464 -17.230  14.968 2.20e-17 1.46e-17 1.16e-17 14.25 2168.92
