name x y flux0 flux1 flux2 width rv
F04248   2.468 -17.444 4.69e-17 2.87e-17 2.61e-17 25.12 1132.28
F04239   2.475 -18.035 3.12e-17 1.71e-17 1.23e-17 33.82 1132.36
F04227   2.597 -17.810 6.94e-17 5.02e-17 3.54e-17 28.77 1132.28
F04246   2.767 -17.686 4.75e-17 3.21e-17 3.64e-17 30.51 1132.38
F04241   2.790 -17.346 4.55e-17 3.28e-17 2.43e-17 35.91 1132.37
F04237   2.837 -17.641 5.61e-17 4.97e-17 3.06e-17 27.91 1132.41
F04242   2.858 -17.764 4.91e-17 3.18e-17 2.54e-17 27.25 1132.31
F04249   2.921 -17.622 2.81e-17 1.52e-17 9.08e-18 31.07 1132.38
F04235   2.924 -17.765 3.13e-17 1.92e-17 1.71e-17 32.34 1132.57
F04222   2.929 -17.706 2.25e-17 1.96e-17 1.44e-17 23.94 1132.49
F04243   2.960 -17.866 6.84e-17 4.50e-17 3.11e-17 30.49 1132.37
F04225   2.961 -17.770 2.43e-17 1.37e-17 1.13e-17 29.26 1132.32
F04234   2.962 -17.567 4.19e-17 3.26e-17 1.96e-17 27.87 1132.27
F04245   2.973 -18.326 2.59e-17 1.64e-17 1.32e-17 33.51 1132.27
F04229   2.995 -17.716 5.34e-17 3.99e-17 2.01e-17 30.64 1132.39
F04230   2.997 -17.758 2.95e-17 2.37e-17 1.63e-17 25.53 1132.22
F04247   2.998 -17.769 2.79e-17 1.47e-17 1.16e-17 29.37 1132.44
F04221   3.003 -18.108 7.39e-17 4.78e-17 3.66e-17 34.14 1132.26
F04250   3.005 -17.727 9.28e-17 7.05e-17 5.57e-17 24.73 1132.50
F04238   3.006 -17.732 7.52e-17 5.00e-17 4.05e-17 24.72 1132.42
F04220   3.015 -17.738 4.71e-17 3.32e-17 2.35e-17 35.39 1132.42
F04224   3.026 -17.688 3.69e-17 2.81e-17 1.93e-17 22.02 1132.38
F04226   3.028 -17.755 5.71e-17 4.35e-17 3.07e-17 32.73 1132.37
F04240   3.029 -17.609 6.56e-17 3.85e-17 2.40e-17 28.64 1132.53
F04251   3.035 -17.733 2.96e-17 1.60e-17 1.13e-17 42.02 1132.22
F04233   3.058 -17.736 5.35e-17 4.35e-17 2.36e-17 29.70 1132.26
F04236   3.074 -17.702 7.63e-17 5.92e-17 3.25e-17 26.80 1132.32
F04219   3.099 -17.425 7.61e-17 5.47e-17 4.75e-17 32.86 1132.52
F04228   3.099 -17.712 3.98e-17 2.57e-17 2.44e-17 28.58 1132.46
F04244   3.109 -17.667 4.86e-17 3.02e-17 1.88e-17 30.19 1132.42
F04232   3.127 -17.755 3.01e-17 1.84e-17 1.11e-17 35.08 1132.29
F04223   3.274 -18.064 3.29e-17 2.86e-17 1.55e-17 28.77 1132.28
F04717  14.569 -15.170 2.85e-17 1.49e-17 1.43e-17 17.98 2075.64
F04701  14.710 -15.141 1.86e-17 1.82e-17 1.19e-17 16.68 2075.51
F04730  14.721 -15.071 2.33e-17 1.77e-17 1.49e-17 13.87 2075.50
F04718  14.751 -15.181 2.56e-17 1.69e-17 1.23e-17 15.85 2075.49
F04732  14.752 -15.033 1.64e-17 1.02e-17 5.72e-18 15.96 2075.67
F04728  14.753 -15.155 2.67e-17 1.44e-17 1.10e-17 21.14 2075.49
F04707  14.777 -15.064 2.00e-17 1.15e-17 1.06e-17 15.32 2075.59
F04708  14.783 -15.063 1.62e-17 1.14e-17 5.16e-18 18.90 2075.69
F04705  14.787 -15.087 1.29e-17 1.20e-17 6.84e-18 19.74 2075.45
F04725  14.808 -15.096 1.23e-17 1.19e-17 8.90e-18 17.45 2075.55
F04726  14.821 -15.158 1.61e-17 1.09e-17 7.18e-18 19.50 2075.68
F04714  14.825 -15.096 1.47e-17 1.13e-17 5.67e-18 14.09 2075.25
F04715  14.829 -15.144 2.10e-17 1.39e-17 9.07e-18 17.57 2075.60
F04704  14.851 -15.096 2.79e-17 1.65e-17 1.14e-17 17.45 2075.53
