name x y flux0 flux1 flux2 width rv
F00649 -40.198  -0.000 1.93e-17 1.05e-17 8.26e-18 18.82 2177.83
F04902 -33.536  -5.805 4.47e-17 3.79e-17 2.42e-17 25.87 1115.92
F04884 -33.401  -5.481 3.54e-17 2.07e-17 1.47e-17 27.80 1115.97
F04906 -33.342  -5.103 5.60e-17 3.71e-17 2.75e-17 32.48 1115.71
F04893 -33.236  -6.074 8.18e-17 5.81e-17 4.12e-17 23.35 1115.78
F04887 -33.155  -5.284 4.93e-17 3.18e-17 2.11e-17 35.03 1115.84
F04889 -32.956  -5.200 2.59e-17 2.27e-17 1.32e-17 30.30 1116.01
F04896 -32.911  -5.097 6.71e-17 5.57e-17 3.41e-17 30.69 1115.77
F04904 -32.893  -4.635 2.20e-17 2.56e-17 1.48e-17 31.82 1115.98
F04891 -32.879  -4.038 3.49e-17 3.32e-17 2.03e-17 39.12 1115.87
F04905 -32.868  -5.003 1.02e-16 5.77e-17 5.22e-17 34.87 1115.97
F04888 -32.858  -5.029 9.89e-17 7.42e-17 5.23e-17 24.63 1116.02
F04900 -32.843  -4.829 4.55e-17 2.51e-17 1.76e-17 24.96 1116.01
F04907 -32.838  -4.821 3.95e-17 3.67e-17 2.03e-17 29.36 1116.08
F04895 -32.835  -4.955 5.56e-17 3.96e-17 2.79e-17 26.04 1115.87
F04901 -32.833  -5.181 7.64e-17 5.93e-17 2.81e-17 29.54 1116.06
F04898 -32.831  -5.013 4.74e-17 3.48e-17 2.38e-17 33.22 1115.92
F04883 -32.825  -5.000 7.50e-17 6.88e-17 3.58e-17 39.81 1115.93
F04903 -32.814  -4.961 4.88e-17 3.74e-17 2.09e-17 27.64 1116.00
F04890 -32.811  -5.000 4.82e-17 2.96e-17 2.78e-17 35.60 1116.01
F04892 -32.784  -5.175 4.88e-17 2.84e-17 2.34e-17 34.61 1115.95
F04885 -32.781  -4.789 6.31e-17 5.61e-17 2.72e-17 33.49 1115.99
F04894 -32.693  -5.243 4.56e-17 3.55e-17 2.39e-17 33.69 1115.91
F04886 -32.665  -4.672 1.75e-17 1.10e-17 8.71e-18 29.17 1115.86
F04908 -32.651  -5.940 9.99e-17 1.05e-16 6.56e-17 31.71 1115.67
F04899 -32.619  -5.064 5.34e-17 3.27e-17 2.21e-17 21.31 1116.07
F04881 -32.510  -6.231 8.47e-17 5.29e-17 3.96e-17 40.69 1116.06
F04897 -32.389  -5.325 5.76e-17 4.22e-17 2.26e-17 32.08 1115.88
