name x y flux0 flux1 flux2 width rv
F05525  34.588  -1.745 2.65e-17 1.79e-17 1.41e-17 17.79 1784.03
F05502  34.676  -1.956 4.55e-17 2.54e-17 1.77e-17 20.38 1784.08
F05512  34.685  -1.919 1.28e-17 1.22e-17 8.53e-18 20.71 1783.92
F05510  34.727  -1.947 3.43e-17 2.17e-17 7.76e-18 18.12 1784.08
F05503  34.729  -2.071 2.58e-17 2.07e-17 1.39e-17 18.01 1784.07
F05506  34.748  -1.955 1.73e-17 1.71e-17 9.23e-18 23.29 1784.04
F05521  34.753  -1.968 1.41e-17 1.18e-17 8.11e-18 19.97 1784.05
F05514  34.755  -1.915 1.74e-17 1.21e-17 8.52e-18 16.31 1783.95
F05524  34.761  -1.938 1.76e-17 1.17e-17 7.46e-18 21.65 1784.09
F05520  34.762  -1.926 1.78e-17 1.27e-17 8.04e-18 16.34 1783.92
F05518  34.765  -1.914 2.59e-17 2.35e-17 1.38e-17 18.55 1783.94
F05504  34.769  -1.980 2.20e-17 1.47e-17 1.05e-17 16.86 1783.88
F05515  34.773  -1.894 2.29e-17 1.59e-17 1.27e-17 16.48 1783.78
F05517  34.780  -1.941 2.30e-17 1.34e-17 1.03e-17 24.50 1784.06
F05516  34.781  -1.951 1.67e-17 1.38e-17 8.19e-18 13.49 1783.89
F05508  34.790  -2.026 2.78e-17 2.06e-17 1.21e-17 14.38 1784.15
F05509  34.797  -1.889 2.92e-17 2.20e-17 1.36e-17 21.15 1783.92
F05507  34.801  -1.985 1.81e-17 1.28e-17 6.95e-18 16.89 1783.94
F05511  34.803  -2.011 2.09e-17 1.28e-17 9.32e-18 22.78 1783.86
F05526  34.836  -1.897 4.23e-17 2.00e-17 2.08e-17 20.73 1783.93
F05523  34.851  -1.968 2.44e-17 1.55e-17 9.84e-18 16.03 1783.97
