name x y flux0 flux1 flux2 width rv
F05321   1.228 -34.150 2.56e-17 2.88e-17 1.48e-17 21.14 1544.75
F05323   1.234 -34.199 3.48e-17 2.07e-17 1.88e-17 25.45 1544.82
F05304   1.246 -34.118 1.10e-17 1.01e-17 1.04e-17 25.28 1544.86
F05308   1.251 -34.235 3.20e-17 3.25e-17 1.54e-17 21.30 1544.89
F05307   1.283 -34.244 2.10e-17 1.68e-17 1.42e-17 26.98 1544.89
F05302   1.301 -34.250 4.17e-17 3.19e-17 1.71e-17 22.41 1544.96
F05310   1.302 -34.231 3.84e-17 2.05e-17 1.55e-17 26.81 1544.90
F05325   1.311 -34.214 3.65e-17 2.24e-17 1.90e-17 17.94 1544.70
F05311   1.314 -34.261 1.20e-17 1.23e-17 6.82e-18 22.61 1544.82
F05329   1.317 -34.274 6.42e-17 4.41e-17 2.65e-17 27.96 1544.93
F05314   1.329 -34.228 2.50e-17 1.73e-17 1.70e-17 22.77 1544.79
F05312   1.334 -34.323 3.13e-17 3.57e-17 2.13e-17 15.92 1544.75
F05309   1.344 -34.229 2.69e-17 3.81e-17 1.63e-17 22.26 1544.92
F05318   1.360 -34.259 2.36e-17 1.32e-17 8.65e-18 19.66 1544.91
F05316   1.395 -34.194 1.80e-17 1.37e-17 8.11e-18 20.86 1544.84
F05317   1.399 -34.243 3.80e-17 2.34e-17 1.14e-17 19.10 1544.74
F05327   1.399 -34.209 4.43e-17 2.74e-17 2.67e-17 21.30 1544.93
F05326   1.592 -34.401 2.78e-17 2.18e-17 2.03e-17 23.18 1544.86
