name x y flux1 flux2 flux3 par rv
P04476   0.087 -41.438 1.04e-16 6.64e-17 3.73e-17  -0.001    1.33
P00665   0.271 -41.061 8.24e-17 6.75e-17 4.75e-17  -0.001    1.24
P01951   0.377 -42.581 1.92e-17 1.48e-17 9.54e-18   0.002    0.97
P00717   0.744 -41.656 1.03e-15 6.03e-16 2.40e-16   0.000    1.30
P00668   0.704 -40.885 7.95e-17 5.63e-17 3.34e-17  -0.000    1.08
P00661   0.917 -40.319 1.47e-15 8.43e-16 4.40e-16  -0.001    1.03
P04514   0.950 -40.950 6.29e-17 4.33e-17 2.46e-17  -0.000    1.21
P03020   1.093 -41.874 1.25e-15 6.43e-16 2.47e-16  -0.001    1.19
P00405   1.404 -41.377 1.14e-13 8.88e-14 6.35e-14   0.000    1.28
P00734   1.364 -41.491 1.92e-16 9.33e-17 5.82e-17   0.002    1.24
P01337   1.381 -41.310 1.46e-16 9.18e-17 5.18e-17   0.001    1.29
P02606   1.519 -40.576 3.67e-15 2.34e-15 1.02e-15  -0.001    1.08
P01475   1.723 -41.085 1.11e-15 6.35e-16 3.36e-16   0.001    1.26
P01778   1.856 -41.200 3.45e-17 2.49e-17 1.77e-17   0.001    1.24
P02649   2.039 -40.845 4.75e-15 2.34e-15 1.03e-15   0.000    1.17
P04297   2.004 -41.349 3.64e-17 2.88e-17 1.96e-17  -0.001    1.15
P00672   2.182 -40.137 1.19e-13 1.05e-13 7.49e-14   0.001    0.69
P01280   2.604 -40.890 5.98e-15 3.13e-15 1.46e-15   0.002    1.07
P01956   2.723 -40.138 5.23e-14 8.65e-14 8.22e-14   0.000    0.67
P02059   2.680 -41.333 8.51e-17 5.86e-17 3.92e-17   0.001    0.95
P00105   2.842 -41.248 3.06e-17 1.88e-17 1.10e-17   0.001    0.90
P00785   3.260 -41.242 1.21e-16 7.14e-17 3.74e-17  -0.000    0.86
P01561   3.139 -40.971 6.04e-14 3.01e-14 1.34e-14   0.003    1.07
P01237   3.317 -41.211 2.23e-16 1.53e-16 7.45e-17   0.002    0.83
P02868   3.426 -41.565 2.56e-15 1.17e-15 4.96e-16   0.000    0.65
P04289   3.254 -40.785 3.00e-17 2.24e-17 1.18e-17   0.001    0.97
P02823   3.391 -41.368 5.45e-17 4.11e-17 2.13e-17   0.002    0.88
P00312   3.422 -40.628 3.89e-15 1.97e-15 8.75e-16   0.001    0.70
P05088   3.450 -40.804 1.43e-17 1.46e-17 7.93e-18   0.001    0.96
P01397   3.384 -41.065 4.47e-17 3.92e-17 2.13e-17   0.000    0.94
P02116   3.451 -41.401 3.31e-16 1.90e-16 1.00e-16   0.001    0.64
P02637   3.447 -40.815 1.34e-17 1.12e-17 8.67e-18  -0.000    0.93
P00584   3.549 -40.284 3.82e-17 3.28e-17 1.72e-17  -0.001    0.42
P00280   3.585 -40.663 2.37e-15 1.37e-15 5.57e-16  -0.000    0.72
P04581   3.675 -40.754 1.84e-17 1.68e-17 1.03e-17   0.002    0.76
P04765   3.644 -41.283 1.84e-15 8.52e-16 4.04e-16  -0.000    0.78
P02757   3.626 -40.991 6.48e-14 3.80e-14 1.42e-14   0.001    0.89
P03478   3.606 -40.926 5.02e-14 2.50e-14 9.24e-15   0.000    0.94
P04928   3.829 -40.870 2.24e-15 1.30e-15 5.60e-16   0.000    0.85
P01447   3.828 -40.465 2.49e-17 1.87e-17 1.08e-17   0.001    0.48
P01739   3.815 -40.973 1.78e-15 8.62e-16 4.89e-16  -0.001    0.89
P04274   3.820 -40.547 1.18e-17 8.51e-18 6.70e-18   0.001    0.71
P00329   3.887 -41.177 2.91e-17 2.09e-17 1.26e-17  -0.002    0.57
P01049   3.707 -40.592 1.26e-17 1.06e-17 8.76e-18  -0.001    0.69
P04225   3.760 -40.308 1.87e-15 9.50e-16 4.01e-16  -0.003    0.51
P01898   3.899 -40.722 1.99e-17 1.71e-17 1.12e-17   0.000    0.70
P00833   3.926 -41.030 1.56e-17 1.10e-17 9.03e-18  -0.000    0.74
P02810   4.080 -40.637 4.43e-15 2.17e-15 1.04e-15   0.001    0.73
P04964   3.952 -40.899 1.09e-17 9.72e-18 7.42e-18   0.002    0.83
P02103   4.060 -41.146 1.12e-15 6.88e-16 2.79e-16   0.002    0.61
P04312   3.972 -41.118 4.99e-15 2.47e-15 9.76e-16   0.001    0.71
P03936   3.977 -40.798 1.36e-15 7.06e-16 4.64e-16  -0.001    0.68
P00052   3.994 -40.610 7.81e-17 5.60e-17 3.04e-17  -0.000    0.45
P04021   4.048 -40.503 1.13e-16 6.66e-17 3.71e-17   0.001    0.33
P02591   4.015 -40.587 2.82e-15 1.35e-15 8.59e-16  -0.001    0.56
P02749   4.164 -40.523 1.20e-13 9.02e-14 6.22e-14   0.001    0.31
P04892   4.151 -40.616 6.05e-14 3.30e-14 1.89e-14   0.001    0.45
P03788   4.095 -40.678 4.57e-14 2.45e-14 1.03e-14   0.002    0.49
P02165   4.154 -40.585 5.92e-17 4.68e-17 3.23e-17   0.000    0.31
P00844   4.245 -40.962 4.81e-17 3.55e-17 2.56e-17   0.001    0.45
P03231   4.277 -40.596 1.48e-17 1.16e-17 8.33e-18  -0.001    0.43
P01810   4.244 -40.415 1.59e-16 1.19e-16 6.41e-17   0.001    0.12
P01190   4.249 -40.976 1.19e-15 5.88e-16 2.80e-16   0.001    0.55
P02644   4.444 -40.981 3.92e-17 2.63e-17 1.51e-17   0.001    0.41
P01326   4.386 -40.805 5.29e-15 2.48e-15 1.34e-15  -0.000    0.56
P00073   4.328 -40.687 3.24e-16 2.28e-16 1.09e-16   0.001    0.44
P03802   4.335 -40.776 1.95e-16 1.14e-16 5.85e-17   0.001    0.46
P02475   4.217 -40.677 8.49e-17 6.46e-17 3.51e-17   0.001    0.49
P00473   4.448 -40.352 8.83e-16 5.04e-16 1.99e-16   0.000    0.08
P01742   4.364 -40.669 3.70e-17 2.35e-17 1.44e-17  -0.001    0.15
P02258   4.399 -40.889 1.93e-17 1.44e-17 1.06e-17  -0.000    0.31
P04402   4.437 -40.916 4.49e-16 3.25e-16 1.45e-16   0.002    0.34
P03486   4.551 -40.658 1.47e-17 1.20e-17 8.29e-18   0.003    0.45
P04299   4.332 -41.167 1.01e-16 7.13e-17 3.74e-17   0.001    0.32
P03373   4.413 -40.865 4.18e-15 2.24e-15 7.95e-16  -0.000    0.22
P01753   4.353 -40.813 1.61e-16 1.13e-16 4.96e-17   0.002    0.30
P03902   4.347 -40.637 4.65e-17 3.91e-17 2.37e-17   0.000    0.19
P00214   4.434 -40.838 1.88e-17 1.82e-17 1.04e-17  -0.000    0.18
P03382   4.455 -40.714 2.16e-15 1.35e-15 6.59e-16   0.001    0.20
P00226   4.338 -40.654 1.05e-15 5.08e-16 2.97e-16   0.001    0.28
P00549   4.452 -40.781 8.14e-17 5.13e-17 2.69e-17  -0.001    0.21
P03112   4.467 -40.609 8.01e-16 4.22e-16 2.16e-16  -0.001    0.22
P04974   4.495 -40.589 7.32e-17 5.24e-17 2.95e-17   0.000    0.02
P04228   4.555 -40.759 4.60e-16 2.79e-16 1.34e-16   0.002    0.29
P03062   4.412 -40.804 4.65e-15 2.37e-15 8.90e-16  -0.001    0.22
P00175   4.436 -40.684 1.07e-13 9.76e-14 5.94e-14   0.001    0.03
P02740   4.527 -40.676 1.79e-16 9.97e-17 6.72e-17   0.001    0.02
P04600   4.480 -40.711 1.73e-14 3.98e-14 5.87e-14   0.001    0.06
P04357   4.503 -40.541 7.18e-17 5.12e-17 3.09e-17   0.001   -0.12
P00231   4.493 -40.561 4.56e-17 3.31e-17 1.90e-17   0.001    0.02
P02660   4.481 -40.889 5.62e-16 3.65e-16 1.87e-16   0.002    0.21
P01652   4.490 -40.747 1.50e-16 1.01e-16 5.70e-17   0.002    0.24
P04465   4.453 -40.690 8.08e-16 4.44e-16 2.32e-16   0.001   -0.17
P00068   4.630 -40.695 2.30e-17 1.81e-17 1.47e-17  -0.002    0.07
P04186   4.601 -40.911 5.56e-16 4.17e-16 1.78e-16   0.000    0.12
P02793   4.573 -41.008 1.33e-13 8.21e-14 4.35e-14  -0.000    0.21
P00752   4.543 -40.566 6.72e-17 4.83e-17 2.43e-17   0.001   -0.12
P01050   4.636 -41.528 8.72e-14 8.93e-14 5.88e-14   0.001    0.26
P00798   4.808 -40.664 5.07e-14 6.48e-14 6.96e-14   0.000   -0.25
P01306   4.582 -40.941 1.54e-16 1.07e-16 5.60e-17   0.001   -0.02
P01829   4.631 -40.729 1.99e-17 1.78e-17 1.20e-17   0.003   -0.19
P04478   4.646 -40.561 6.62e-14 3.24e-14 1.42e-14  -0.000   -0.24
P02792   4.726 -40.629 2.56e-16 1.89e-16 9.13e-17  -0.001   -0.25
P02642   4.656 -40.538 1.37e-17 1.06e-17 7.00e-18   0.002   -0.29
P04435   4.670 -40.772 1.10e-17 9.49e-18 7.49e-18   0.000   -0.30
P04379   4.780 -40.673 2.26e-17 2.05e-17 1.40e-17   0.001   -0.32
P04997   4.799 -40.174 6.29e-17 4.24e-17 2.81e-17  -0.000   -0.49
P01916   4.809 -40.816 1.04e-14 2.50e-14 4.46e-14   0.001   -0.12
P04862   4.706 -40.810 2.51e-15 1.09e-15 4.54e-16   0.001   -0.25
P00865   4.741 -40.510 5.80e-16 2.97e-16 1.54e-16   0.000   -0.11
P01722   4.798 -40.434 1.45e-17 1.16e-17 8.15e-18   0.001   -0.29
P03271   4.706 -39.940 1.81e-17 1.30e-17 8.63e-18   0.001   -0.05
P02549   4.756 -40.518 1.06e-17 8.45e-18 6.44e-18   0.002   -0.38
P03446   4.829 -40.715 2.37e-16 1.20e-16 6.36e-17   0.001   -0.39
P01415   4.772 -40.915 7.43e-17 4.81e-17 3.02e-17   0.002   -0.02
P02157   4.813 -40.795 1.37e-15 7.46e-16 3.88e-16   0.001   -0.41
P05129   4.893 -40.777 1.37e-16 8.99e-17 4.84e-17  -0.000   -0.37
P02666   4.933 -40.759 1.24e-13 5.99e-14 3.43e-14   0.003   -0.45
P02118   4.847 -40.673 9.78e-16 5.49e-15 1.92e-14  -0.001   -0.40
P02007   4.854 -40.584 2.67e-16 1.61e-16 8.74e-17   0.000   -0.54
P04880   4.862 -40.995 1.31e-13 8.69e-14 5.03e-14  -0.001   -0.09
P03663   4.900 -40.495 1.59e-15 7.55e-16 3.16e-16  -0.000   -0.26
P01539   5.022 -40.310 2.29e-17 2.19e-17 1.35e-17   0.002   -0.59
P01391   5.111 -40.104 9.36e-17 6.23e-17 3.56e-17   0.001   -0.44
P04060   5.037 -40.873 3.90e-17 3.43e-17 1.85e-17   0.001   -0.49
P02781   4.926 -40.128 1.93e-17 1.59e-17 9.99e-18   0.000   -0.22
P00164   5.011 -40.550 6.35e-17 3.69e-17 2.88e-17   0.002   -0.55
P04208   5.027 -40.539 3.35e-16 1.76e-16 1.08e-16   0.000   -0.58
P04825   5.056 -41.013 5.31e-15 2.69e-15 1.09e-15  -0.000   -0.25
P01725   5.274 -40.570 2.53e-15 1.53e-15 6.30e-16  -0.000   -0.61
P00072   5.263 -40.316 1.42e-14 2.89e-14 4.96e-14   0.003   -0.56
P00221   5.271 -40.556 1.82e-17 1.17e-17 8.56e-18   0.000   -0.69
P03511   5.365 -40.777 2.02e-16 1.19e-16 6.82e-17  -0.000   -0.54
P02562   5.333 -40.403 4.24e-17 2.87e-17 1.93e-17  -0.002   -0.72
P01017   5.549 -40.578 2.12e-15 1.12e-15 5.14e-16   0.002   -0.71
P04743   5.500 -41.098 2.09e-17 1.58e-17 9.14e-18   0.000   -0.37
P01182   5.511 -40.966 3.62e-15 1.94e-15 9.36e-16   0.002   -0.42
P00035   5.502 -40.105 1.93e-16 1.14e-16 6.56e-17  -0.001   -0.43
P03242   5.624 -41.062 1.97e-16 1.12e-16 6.92e-17  -0.000   -0.27
P00853   5.697 -40.686 5.57e-15 2.65e-15 8.74e-16  -0.000   -0.77
P02641   5.621 -40.592 2.89e-15 1.24e-14 2.89e-14   0.000   -0.74
P03972   5.778 -40.118 4.55e-14 1.92e-14 8.93e-15   0.002   -0.73
P02479   5.937 -41.480 1.95e-17 1.57e-17 1.01e-17   0.001   -0.16
P00556   5.967 -40.223 4.74e-15 3.49e-15 1.32e-15   0.001   -0.66
P03644   6.082 -39.776 5.91e-16 2.69e-16 1.31e-16  -0.001   -0.73
P05051   5.996 -41.224 1.46e-17 1.34e-17 7.62e-18   0.000   -0.15
P02067   5.918 -40.453 4.69e-15 2.04e-15 1.02e-15  -0.001   -0.88
P01305   6.047 -40.995 6.03e-16 4.14e-16 2.21e-16   0.001   -0.20
P02153   6.225 -40.204 1.84e-17 1.49e-17 9.63e-18   0.001   -0.90
P04137   6.228 -42.291 1.18e-16 7.61e-17 4.84e-17   0.002    0.02
P02747   6.033 -40.017 8.84e-16 4.96e-16 2.79e-16  -0.000   -0.82
P00955   6.413 -40.536 4.56e-16 2.55e-16 1.51e-16   0.000   -0.85
P02775   6.590 -40.481 2.28e-15 1.22e-15 4.41e-16   0.002   -0.93
P01315   6.571 -40.994 1.78e-17 1.44e-17 8.75e-18  -0.000   -0.39
P04076   6.739 -40.030 5.41e-15 2.85e-15 1.45e-15   0.001   -0.92
P02032   6.773 -40.444 2.58e-15 1.33e-15 5.55e-16  -0.002   -0.89
P01226   6.928 -40.860 1.15e-17 9.83e-18 7.09e-18  -0.000   -0.61
P04239   6.991 -40.508 3.81e-16 2.26e-16 1.16e-16   0.001   -0.90
P00727   7.130 -40.060 1.31e-15 6.16e-16 2.96e-16  -0.000   -1.01
P00376   7.214 -40.027 5.92e-16 3.26e-16 1.43e-16   0.001   -1.04
P02416   7.295 -40.410 8.10e-16 4.17e-16 2.00e-16   0.000   -0.79
P02366   7.323 -39.628 2.54e-15 1.04e-15 5.40e-16   0.000   -0.77
P00430   7.487 -39.761 2.10e-16 1.63e-16 7.34e-17   0.001   -0.80
P00850   7.860 -40.168 5.96e-14 3.35e-14 1.59e-14   0.000   -1.02
P04064   8.271 -40.730 3.98e-17 2.50e-17 2.04e-17  -0.000   -0.51
P01881   8.337 -39.231 2.86e-17 2.90e-17 1.74e-17   0.000   -0.96
P04578   8.475 -40.341 3.44e-15 1.42e-15 6.43e-16  -0.000   -0.86
P05040   8.344 -40.128 3.70e-17 2.92e-17 1.90e-17   0.000   -1.03
P03117   8.713 -39.467 2.16e-15 1.37e-15 4.97e-16   0.002   -1.02
P04089   8.874 -39.025 7.70e-17 4.82e-17 2.96e-17   0.002   -0.97
P02892   9.725 -39.630 8.75e-16 4.93e-16 2.20e-16   0.002   -1.10
P03439   9.973 -39.451 1.06e-17 8.56e-18 6.30e-18   0.001   -1.13
P05033  11.784 -36.700 4.12e-15 1.36e-14 3.51e-14   0.000   -0.75
