name x y flux0 flux1 flux2 width rv
F03123   4.944  20.820 2.58e-17 1.54e-17 1.06e-17 17.60 2236.22
F03134   5.145  20.814 1.86e-17 1.14e-17 7.66e-18 16.40 2236.33
F03116   5.152  20.789 2.19e-17 1.52e-17 1.18e-17 18.22 2236.38
F03138   5.153  20.835 2.18e-17 1.51e-17 1.19e-17 14.30 2236.21
F03130   5.154  20.796 1.94e-17 1.43e-17 8.98e-18 15.11 2236.41
F03139   5.159  20.786 1.56e-17 1.23e-17 8.87e-18 19.45 2236.39
F03127   5.160  20.796 1.93e-17 1.45e-17 8.64e-18 13.52 2236.16
F03143   5.170  20.803 1.53e-17 1.14e-17 6.78e-18 20.28 2236.12
F03121   5.175  20.794 1.45e-17 1.04e-17 6.73e-18 16.30 2236.42
F03145   5.181  20.763 1.72e-17 1.12e-17 6.72e-18 14.46 2236.41
F03148   5.182  20.821 1.46e-17 1.31e-17 7.92e-18 19.75 2236.34
F03118   5.190  20.833 1.74e-17 1.42e-17 1.18e-17 14.53 2236.35
F03117   5.192  20.759 1.84e-17 1.35e-17 9.47e-18 16.03 2236.22
F03136   5.193  20.782 2.24e-17 1.63e-17 9.17e-18 11.16 2236.27
F03137   5.291  20.750 1.76e-17 1.57e-17 1.07e-17 16.49 2236.14
F03144   5.333  20.752 1.25e-17 1.42e-17 7.08e-18 15.20 2236.21
