name x y flux1 flux2 flux3 par rv
P00198   0.632  38.863 3.97e-13 3.12e-13 2.14e-13   0.002    1.44
P02185   0.960  38.846 5.21e-16 3.06e-16 1.79e-16   0.002    1.45
P02177   1.865  41.228 1.75e-16 1.24e-16 7.85e-17  -0.000    1.08
P02394   2.569  41.819 7.82e-16 4.80e-16 2.61e-16   0.001    0.91
P00611   2.901  40.251 3.86e-13 2.41e-13 1.39e-13   0.000    1.38
P01467   3.097  38.045 1.52e-14 4.69e-14 9.62e-14   0.001    1.33
P05097   3.212  41.772 5.01e-16 3.20e-16 1.84e-16   0.002    0.94
P01480   3.325  39.690 1.69e-14 8.09e-15 3.58e-15   0.001    1.32
P03901   3.311  42.553 1.52e-13 7.87e-14 3.37e-14  -0.001    0.71
P00719   3.486  41.791 4.27e-14 9.83e-14 1.58e-13   0.000    0.91
P04685   3.686  44.707 1.70e-15 9.55e-16 4.90e-16   0.000    0.23
P02711   3.581  39.758 2.04e-15 1.12e-15 5.62e-16   0.001    1.34
P05001   3.742  40.195 1.64e-17 1.59e-17 1.17e-17   0.001    1.37
P00708   3.670  41.107 1.27e-15 7.39e-16 3.64e-16   0.004    1.13
P00243   3.881  41.116 1.72e-16 1.22e-16 7.46e-17   0.000    1.25
P03537   3.950  41.702 1.01e-17 1.04e-17 8.48e-18   0.002    0.99
P01598   3.882  40.549 1.41e-13 7.41e-14 3.28e-14   0.002    1.25
P02049   3.954  41.329 1.93e-16 1.33e-16 8.58e-17   0.000    1.17
P02519   4.129  41.269 1.97e-17 1.96e-17 1.43e-17   0.003    1.14
P00237   4.226  38.774 1.29e-16 1.00e-16 6.38e-17   0.001    1.16
P03835   4.040  39.307 4.17e-15 2.29e-15 1.08e-15   0.001    1.25
P01287   3.988  40.808 1.11e-17 1.15e-17 8.91e-18   0.001    1.30
P02850   4.318  42.713 3.94e-17 3.28e-17 2.32e-17   0.002    0.62
P02465   4.324  40.930 7.60e-16 4.45e-16 2.37e-16   0.001    1.23
P02600   4.451  42.133 2.62e-17 2.44e-17 1.80e-17   0.001    0.98
P01856   4.358  44.031 1.21e-15 7.32e-16 3.60e-16   0.003    0.32
P03495   4.377  39.968 2.01e-16 1.57e-16 8.23e-17   0.000    1.24
P01150   4.426  35.407 1.45e-16 1.09e-16 6.04e-17   0.000    0.95
P04868   4.501  42.999 1.39e-16 1.05e-16 6.20e-17   0.001    0.56
P02685   4.677  40.525 2.95e-17 2.58e-17 1.93e-17   0.000    1.06
P01591   4.643  41.869 1.18e-14 6.41e-15 2.71e-15   0.001    1.00
P04250   4.775  41.062 5.42e-16 3.43e-16 1.93e-16   0.001    1.10
P00506   4.777  43.543 1.13e-17 1.13e-17 9.36e-18   0.001    0.28
P04844   4.804  42.421 5.18e-15 2.71e-15 1.25e-15  -0.000    0.74
P03666   4.864  41.143 3.43e-16 2.38e-16 1.29e-16   0.001    1.15
P03838   4.984  42.312 3.11e-16 2.25e-16 1.23e-16   0.002    0.99
P02913   4.899  40.817 2.95e-13 1.85e-13 8.44e-14   0.002    1.08
P03749   4.865  41.354 2.02e-16 1.54e-16 8.92e-17   0.001    1.06
P02932   4.930  41.435 1.31e-15 7.75e-16 3.91e-16   0.002    1.02
P00396   5.100  41.953 2.29e-16 1.61e-16 8.93e-17   0.001    0.97
P04850   5.026  41.771 2.90e-17 2.57e-17 1.79e-17   0.000    1.05
P01497   5.167  42.856 1.50e-15 8.02e-16 4.33e-16   0.001    0.57
P02966   5.192  41.681 1.79e-16 1.31e-16 7.70e-17   0.001    1.00
P00369   5.246  42.192 6.78e-16 4.43e-16 2.40e-16   0.000    0.74
P03610   5.267  40.838 2.72e-17 2.49e-17 1.87e-17  -0.001    0.96
P02192   5.343  43.116 3.28e-17 2.89e-17 2.09e-17   0.002    0.28
P03251   5.216  41.977 3.69e-15 2.07e-15 9.90e-16   0.001    0.85
P00900   5.156  41.959 1.78e-13 8.61e-14 3.89e-14   0.001    0.94
P03679   5.255  42.946 1.54e-14 7.77e-15 3.49e-15  -0.000    0.33
P03751   5.286  42.259 1.14e-17 1.21e-17 9.74e-18   0.001    0.80
P00086   5.367  42.987 1.21e-16 9.64e-17 6.03e-17   0.001    0.33
P00007   5.446  42.248 5.76e-17 4.79e-17 3.02e-17   0.002    0.83
P02656   5.394  41.016 6.37e-15 3.40e-15 1.51e-15   0.002    0.86
P03158   5.447  42.757 1.42e-16 1.01e-16 6.29e-17   0.000    0.41
P00078   5.289  40.658 1.27e-13 6.95e-14 3.13e-14  -0.000    0.88
P00705   5.543  42.126 4.69e-17 3.86e-17 2.72e-17   0.001    0.81
P00488   5.507  43.067 5.52e-16 3.33e-16 1.98e-16   0.002    0.21
P01634   5.596  42.003 4.21e-15 2.28e-15 1.09e-15   0.003    0.93
P02725   5.566  42.596 2.92e-13 1.82e-13 9.57e-14  -0.000    0.54
P04487   5.614  42.765 4.25e-17 3.47e-17 2.54e-17  -0.000    0.43
P04877   5.568  42.303 6.78e-15 3.39e-15 1.57e-15   0.000    0.74
P03853   5.687  42.683 9.58e-16 5.83e-16 2.93e-16   0.001    0.40
P02289   5.512  41.948 1.65e-14 7.96e-15 3.52e-15   0.001    0.87
P04219   5.627  44.878 1.73e-15 9.64e-16 4.63e-16   0.001   -0.02
P01675   5.690  42.819 3.34e-17 2.97e-17 2.12e-17   0.002    0.27
P04697   5.548  42.077 1.21e-17 1.22e-17 9.61e-18   0.002    0.67
P03731   5.731  42.617 7.73e-17 5.96e-17 3.89e-17   0.000    0.47
P02589   5.736  42.656 9.29e-17 6.88e-17 4.41e-17   0.002    0.37
P03786   5.846  41.978 7.32e-15 3.89e-15 1.84e-15   0.001    0.82
P01688   5.859  41.524 1.78e-15 9.82e-16 4.87e-16   0.001    1.04
P02972   5.759  43.436 2.45e-13 1.31e-13 6.65e-14   0.002    0.04
P03726   5.928  42.644 6.67e-17 5.34e-17 3.68e-17   0.001    0.27
P01241   5.858  44.670 2.13e-13 1.16e-13 5.58e-14   0.002   -0.11
P00669   5.790  42.564 4.69e-17 4.15e-17 2.68e-17   0.003    0.43
P00459   5.807  42.010 1.81e-16 1.27e-16 7.65e-17   0.000    0.76
P04475   5.853  42.357 4.70e-16 3.06e-16 1.59e-16  -0.000    0.63
P00183   5.766  43.002 2.32e-17 2.41e-17 1.70e-17   0.004   -0.01
P03193   5.857  42.491 5.67e-16 3.50e-16 1.95e-16   0.001    0.46
P00842   5.934  41.867 3.36e-16 2.18e-16 1.20e-16   0.001    0.88
P01034   5.797  42.428 2.38e-17 2.21e-17 1.67e-17   0.000    0.50
P00576   5.972  42.186 5.09e-16 3.27e-16 1.87e-16   0.000    0.64
P01405   5.907  39.817 8.81e-17 6.23e-17 4.02e-17   0.002    0.89
P02744   5.965  41.766 3.18e-16 2.20e-16 1.15e-16   0.000    0.74
P02217   5.938  42.347 7.89e-17 6.41e-17 4.05e-17   0.002    0.63
P00205   5.868  43.253 2.67e-15 1.59e-15 7.48e-16   0.001    0.04
P02529   6.004  42.436 9.28e-16 5.54e-16 2.98e-16  -0.000    0.52
P04237   5.989  44.031 9.87e-15 4.88e-15 2.21e-15   0.001   -0.11
P00422   6.035  42.918 2.95e-13 2.98e-13 2.37e-13   0.000    0.11
P02436   6.130  42.720 6.16e-16 3.75e-16 2.07e-16   0.000    0.14
P04520   6.003  42.487 4.39e-17 3.79e-17 2.61e-17   0.002    0.29
P04053   6.033  42.799 1.13e-17 1.16e-17 9.40e-18   0.002    0.16
P04000   6.039  42.035 7.90e-15 3.89e-15 1.85e-15  -0.000    0.78
P01158   5.984  42.938 1.90e-14 9.48e-15 4.26e-15   0.000   -0.13
P02527   6.046  42.959 1.45e-17 1.47e-17 1.11e-17   0.002    0.02
P00590   5.986  42.156 3.41e-13 2.89e-13 1.94e-13   0.001    0.53
P01283   5.951  42.382 1.82e-13 9.88e-14 4.64e-14   0.001    0.56
P01750   6.009  42.619 3.06e-17 2.82e-17 1.98e-17   0.001    0.26
P03105   6.126  42.321 2.10e-16 1.50e-16 8.97e-17   0.002    0.44
P01949   6.024  42.558 8.19e-15 4.06e-15 1.81e-15  -0.000    0.38
P00456   6.022  42.990 1.45e-14 7.15e-15 3.24e-15   0.001    0.16
P02851   6.201  43.029 8.85e-15 4.46e-15 2.06e-15   0.001   -0.02
P04579   6.159  43.553 2.13e-16 1.60e-16 8.83e-17   0.002   -0.21
P02982   6.077  42.442 5.61e-17 4.71e-17 3.05e-17   0.002    0.36
P02320   6.067  42.438 2.00e-14 9.79e-15 4.14e-15   0.001    0.29
P02434   6.123  42.443 1.01e-17 1.08e-17 8.85e-18   0.001    0.32
P00890   6.120  42.580 5.75e-15 3.13e-15 1.44e-15   0.001    0.07
P04995   6.186  42.679 2.87e-15 1.58e-15 7.75e-16   0.002    0.31
P01902   6.113  42.666 1.83e-13 2.33e-13 2.36e-13   0.002    0.03
P02945   6.129  42.637 2.72e-13 2.80e-13 2.37e-13   0.000    0.19
P03618   6.119  41.973 2.15e-16 1.55e-16 9.18e-17  -0.001    0.78
P04436   6.176  42.921 3.92e-13 2.97e-13 1.86e-13   0.001   -0.01
P01389   6.207  44.378 2.38e-16 1.65e-16 9.83e-17   0.001   -0.17
P02703   6.279  42.514 2.33e-17 2.16e-17 1.63e-17   0.001    0.16
P03027   6.225  43.267 6.39e-15 3.55e-15 1.61e-15   0.001   -0.19
P03968   6.286  42.408 9.14e-16 5.63e-16 2.74e-16   0.003    0.25
P03820   6.172  42.449 2.62e-16 1.70e-16 1.04e-16   0.002    0.22
P02801   6.404  42.681 3.24e-16 2.20e-16 1.25e-16  -0.001    0.12
P02560   6.409  42.830 3.44e-15 1.92e-15 9.21e-16  -0.001    0.09
P03349   6.192  42.343 1.51e-15 9.39e-16 4.51e-16   0.001    0.38
P03979   6.334  41.826 1.60e-14 8.34e-15 3.49e-15   0.001    0.55
P00112   6.416  42.630 6.98e-16 4.26e-16 2.39e-16   0.002    0.04
P03722   6.368  43.055 6.85e-17 5.78e-17 3.71e-17   0.001   -0.14
P02682   6.398  42.523 2.33e-16 1.51e-16 9.71e-17   0.001    0.04
P04066   6.453  39.024 3.35e-16 2.27e-16 1.25e-16   0.001    0.82
P03426   6.521  42.982 3.35e-13 1.97e-13 1.10e-13  -0.001   -0.07
P04232   6.399  41.783 4.82e-16 3.20e-16 1.73e-16   0.000    0.52
P02309   6.396  41.572 2.11e-13 1.16e-13 5.93e-14   0.003    0.47
P02829   6.490  42.696 9.32e-17 6.91e-17 4.58e-17   0.001   -0.07
P03457   6.587  42.985 1.61e-17 1.65e-17 1.22e-17   0.000   -0.11
P03870   6.525  42.763 8.37e-17 6.76e-17 4.36e-17   0.000   -0.12
P02748   6.550  43.387 1.59e-16 1.19e-16 7.62e-17   0.001   -0.32
P01195   6.684  42.343 3.65e-16 2.40e-16 1.47e-16   0.002    0.13
P03987   6.631  41.388 3.81e-15 1.93e-15 9.75e-16   0.001    0.53
P04150   6.633  44.278 2.17e-16 1.58e-16 9.29e-17   0.001   -0.26
P03440   6.757  42.586 1.26e-17 1.36e-17 1.05e-17   0.000    0.10
P03115   6.670  43.100 1.51e-14 7.51e-15 3.37e-15   0.001   -0.18
P00738   6.810  44.851 2.30e-17 2.15e-17 1.60e-17   0.001   -0.35
P02491   6.882  42.923 3.94e-17 3.35e-17 2.24e-17   0.001   -0.22
P03774   6.785  42.977 1.08e-17 1.07e-17 9.15e-18   0.002   -0.19
P01983   6.938  42.433 3.20e-15 1.70e-15 7.74e-16   0.004   -0.09
P01365   7.005  42.086 1.68e-17 1.65e-17 1.25e-17   0.001    0.31
P04343   7.022  44.329 1.67e-13 8.62e-14 3.83e-14  -0.000   -0.44
P00386   7.162  42.599 7.17e-15 3.70e-15 1.74e-15   0.001    0.09
P04410   7.054  42.686 1.11e-15 6.32e-16 3.30e-16   0.001    0.13
P03308   7.084  44.028 1.74e-17 1.81e-17 1.27e-17  -0.000   -0.43
P03737   7.120  42.477 9.73e-15 4.94e-15 2.30e-15  -0.000    0.07
P01496   7.156  43.606 2.02e-13 1.08e-13 5.09e-14   0.002   -0.41
P04230   7.160  42.161 1.53e-13 2.01e-13 2.25e-13   0.001    0.18
P03214   7.242  42.155 3.68e-15 1.87e-15 8.81e-16   0.001    0.21
P02578   7.265  40.825 5.01e-17 4.24e-17 2.92e-17   0.000    0.50
P00603   7.379  44.798 2.59e-15 1.34e-15 6.84e-16   0.001   -0.45
P04377   7.346  39.387 2.99e-13 2.19e-13 1.25e-13   0.001    0.54
P02523   7.411  42.628 1.67e-14 8.20e-15 3.54e-15   0.002   -0.01
P01319   7.523  42.632 5.32e-15 2.77e-15 1.30e-15   0.002   -0.01
P00453   7.553  41.989 5.60e-17 4.51e-17 3.00e-17   0.000    0.30
P00969   7.699  43.314 1.42e-15 8.53e-16 4.06e-16   0.001   -0.37
P03917   7.669  41.015 9.48e-16 5.75e-16 2.79e-16  -0.000    0.44
P01691   7.733  43.124 2.40e-15 1.33e-15 6.37e-16   0.000   -0.25
P01961   7.741  43.975 1.71e-16 1.23e-16 7.65e-17   0.001   -0.45
P03046   7.736  43.648 1.50e-13 2.02e-13 2.24e-13   0.002   -0.42
P04056   7.868  44.153 2.73e-16 1.84e-16 1.07e-16   0.002   -0.56
P03464   8.037  44.830 2.07e-15 1.20e-15 5.91e-16   0.000   -0.59
P03937   7.989  41.349 1.25e-17 1.26e-17 9.35e-18   0.000    0.33
P00612   8.161  42.825 1.67e-15 9.75e-16 4.95e-16  -0.000   -0.11
P00544   8.276  42.535 1.26e-17 1.29e-17 1.01e-17  -0.000    0.02
P01324   8.198  44.274 6.68e-16 3.88e-16 2.20e-16   0.000   -0.60
P00979   8.367  43.300 1.45e-17 1.36e-17 1.10e-17   0.003   -0.24
P00457   8.395  42.089 1.94e-15 1.03e-15 5.24e-16   0.002    0.17
P02237   8.378  44.933 3.28e-17 3.14e-17 2.11e-17   0.001   -0.64
P04967   8.923  43.121 3.07e-13 2.86e-13 2.02e-13   0.001   -0.23
P05132   9.119  43.562 1.26e-17 1.28e-17 9.97e-18   0.000   -0.41
P01423   9.134  44.966 2.12e-13 1.21e-13 5.54e-14   0.002   -0.66
P04117   9.323  44.764 1.60e-15 8.72e-16 4.64e-16   0.001   -0.66
P04251   9.610  44.869 7.46e-16 4.57e-16 2.43e-16  -0.001   -0.57
P04922   9.828  43.096 4.63e-16 3.09e-16 1.64e-16   0.002   -0.17
P00104   9.876  41.382 1.02e-15 5.85e-16 2.87e-16   0.002    0.19
P00279  10.255  43.848 3.14e-17 2.89e-17 2.02e-17  -0.001   -0.37
P04543  10.332  44.108 3.80e-17 3.26e-17 2.39e-17   0.001   -0.36
P02629  10.489  43.753 1.57e-15 9.22e-16 4.47e-16  -0.001   -0.20
P01181  10.442  44.838 1.08e-16 8.89e-17 5.29e-17   0.001   -0.52
P04595  11.252  35.491 3.43e-16 4.01e-16 3.31e-16   0.008    0.34
