name x y flux0 flux1 flux2 width rv
F05819  24.079  19.983 2.75e-17 2.63e-17 1.60e-17 20.55 1895.29
F05824  24.193  19.926 2.39e-17 1.50e-17 1.01e-17 21.46 1895.13
F05811  24.248  19.771 3.32e-17 2.27e-17 1.58e-17 17.56 1894.96
F05817  24.261  19.845 2.50e-17 1.81e-17 1.32e-17 21.95 1895.19
F05821  24.294  19.951 1.61e-17 1.10e-17 8.38e-18 20.21 1895.23
F05830  24.302  19.880 3.34e-17 2.02e-17 1.55e-17 15.62 1895.20
F05816  24.316  19.939 1.99e-17 1.25e-17 8.48e-18 10.89 1895.17
F05820  24.336  19.930 2.63e-17 2.44e-17 1.31e-17 22.03 1895.09
F05833  24.362  19.938 1.99e-17 1.23e-17 9.94e-18 18.85 1895.06
F05814  24.391  19.907 1.65e-17 1.20e-17 9.03e-18 14.62 1895.11
F05813  24.403  19.893 2.43e-17 1.56e-17 1.27e-17 19.83 1895.18
F05827  24.406  19.629 2.86e-17 2.06e-17 1.32e-17 14.52 1895.03
F05835  24.406  20.142 2.26e-17 1.75e-17 1.00e-17 16.48 1895.09
F05812  24.409  19.916 3.14e-17 2.30e-17 1.46e-17 14.66 1895.22
F05829  24.420  19.858 2.11e-17 1.79e-17 1.07e-17 17.56 1895.02
F05815  24.470  19.850 2.22e-17 1.24e-17 1.21e-17 22.45 1895.37
F05818  24.491  19.926 3.05e-17 2.39e-17 1.50e-17 23.84 1895.15
F05826  24.649  19.879 3.31e-17 1.69e-17 1.29e-17 19.25 1894.93
