name x y flux0 flux1 flux2 width rv
F01441 -11.778  27.224 2.01e-17 1.40e-17 9.27e-18 16.89 1996.31
F01419 -11.231  27.448 1.98e-17 1.07e-17 8.00e-18 12.35 1996.33
F01422 -11.177  27.129 1.43e-17 1.21e-17 8.14e-18 17.85 1996.27
F01440 -11.156  27.464 1.84e-17 1.36e-17 9.26e-18 16.29 1996.08
F01420 -11.133  27.382 2.57e-17 1.65e-17 1.24e-17 14.13 1996.39
F01445 -11.124  27.381 2.13e-17 1.64e-17 1.19e-17 17.20 1996.26
F01428 -11.082  27.302 1.76e-17 1.15e-17 8.69e-18 17.84 1996.21
F01444 -11.070  27.359 1.91e-17 1.27e-17 1.17e-17 13.53 1996.32
F01421 -11.016  27.314 2.51e-17 1.70e-17 1.15e-17 20.47 1996.41
F01443 -11.010  27.341 1.77e-17 1.64e-17 9.83e-18 13.50 1996.45
F01429 -10.982  27.250 2.12e-17 1.41e-17 8.10e-18 17.75 1996.24
F01442 -10.978  27.346 2.53e-17 1.69e-17 1.38e-17 15.88 1996.25
F01432 -10.976  27.330 1.80e-17 1.36e-17 9.02e-18 23.89 1996.23
F01423 -10.914  27.366 2.38e-17 1.89e-17 1.22e-17 15.11 1996.34
F01427 -10.907  27.195 1.70e-17 1.07e-17 7.84e-18 15.88 1996.43
F01425 -10.901  27.367 1.38e-17 1.11e-17 6.71e-18 15.06 1996.28
F01437 -10.884  27.501 2.28e-17 1.63e-17 1.01e-17 18.63 1996.23
F01433 -10.861  27.283 1.48e-17 1.19e-17 6.47e-18 18.72 1996.32
F01438 -10.704  27.225 1.62e-17 1.46e-17 8.95e-18 13.08 1996.27
F01424 -10.597  27.460 3.16e-17 2.18e-17 1.27e-17 18.78 1996.19
