name x y flux0 flux1 flux2 width rv
F00617 -14.774  23.099 1.51e-17 1.34e-17 8.04e-18 19.05 2172.64
F00616 -14.768  22.976 2.35e-17 1.95e-17 1.16e-17 19.89 2172.62
F00607 -14.764  23.002 1.66e-17 1.35e-17 7.73e-18 10.66 2172.68
F00608 -14.726  23.078 1.53e-17 1.30e-17 8.35e-18 12.42 2172.55
F00602 -14.716  23.104 2.52e-17 1.83e-17 1.05e-17 15.36 2172.44
F00610 -14.708  23.083 1.58e-17 1.10e-17 7.85e-18 15.12 2172.87
F00609 -14.702  23.077 1.52e-17 1.15e-17 7.05e-18 15.91 2172.74
F00604 -14.689  23.141 1.82e-17 1.50e-17 1.02e-17 16.71 2172.58
F00620 -14.681  23.083 1.89e-17 1.34e-17 6.96e-18 10.71 2172.67
F00618 -14.646  23.123 2.28e-17 1.51e-17 8.67e-18 11.47 2172.76
F03404 -14.611  23.598 2.73e-17 1.72e-17 1.32e-17 22.35 1446.94
F03395 -14.610  23.420 3.69e-17 2.53e-17 1.73e-17 27.92 1446.85
F00603 -14.578  23.138 2.14e-17 1.08e-17 7.34e-18 18.51 2172.65
F00601 -14.569  23.016 2.06e-17 1.60e-17 9.95e-18 18.82 2172.86
F00606 -14.542  23.260 2.07e-17 1.27e-17 1.07e-17 13.52 2172.76
F03392 -14.502  23.417 5.32e-17 4.40e-17 2.57e-17 18.14 1446.91
F03400 -14.486  23.321 3.26e-17 2.05e-17 1.52e-17 23.24 1446.88
F03413 -14.477  22.987 2.70e-17 1.95e-17 1.24e-17 24.90 1446.85
F03406 -14.458  23.275 7.49e-17 3.96e-17 2.90e-17 23.99 1446.77
F03399 -14.451  23.261 1.91e-17 1.01e-17 8.97e-18 28.74 1446.97
F03412 -14.446  23.299 3.80e-17 2.68e-17 1.75e-17 26.75 1446.93
F03416 -14.442  23.278 1.62e-17 1.28e-17 7.08e-18 24.19 1447.01
F03403 -14.442  23.310 2.17e-17 1.40e-17 8.93e-18 17.98 1447.05
F03410 -14.442  23.258 4.55e-17 3.10e-17 2.32e-17 24.40 1446.75
F03402 -14.435  23.309 3.17e-17 2.44e-17 1.52e-17 21.28 1447.08
F03397 -14.430  23.306 5.54e-17 3.82e-17 2.24e-17 23.68 1447.02
F03405 -14.429  23.385 3.24e-17 1.97e-17 1.53e-17 30.72 1446.92
F03415 -14.428  23.307 4.01e-17 2.15e-17 1.64e-17 17.98 1446.92
F03391 -14.425  23.306 2.25e-17 1.50e-17 9.92e-18 24.60 1446.97
F03407 -14.419  23.303 2.37e-17 1.83e-17 1.32e-17 19.81 1446.85
F03414 -14.416  23.305 5.92e-17 3.76e-17 2.33e-17 28.16 1446.98
F03408 -14.382  23.299 3.27e-17 2.68e-17 1.79e-17 17.22 1446.89
F03409 -14.379  23.371 4.56e-17 3.49e-17 2.41e-17 24.16 1447.07
F03398 -14.375  23.446 4.66e-17 3.25e-17 2.61e-17 25.50 1446.95
F03411 -14.351  23.290 1.80e-17 1.58e-17 9.62e-18 36.87 1446.72
F03396 -14.345  23.412 4.97e-17 3.73e-17 2.73e-17 19.90 1446.99
F03401 -14.323  23.357 3.53e-17 2.81e-17 2.04e-17 21.80 1446.66
F03390 -14.253  23.362 5.09e-17 4.07e-17 2.45e-17 21.81 1446.80
F03393 -13.976  23.585 5.00e-17 4.74e-17 2.17e-17 24.09 1446.63
F03394 -13.706  23.629 4.60e-17 3.28e-17 2.22e-17 19.76 1446.82
F02971 -12.663  18.149 5.90e-17 4.22e-17 2.78e-17 30.80 1161.21
F02972 -12.484  18.537 6.28e-17 3.85e-17 3.01e-17 36.07 1161.32
F02958 -12.461  18.193 3.06e-17 1.85e-17 1.45e-17 28.09 1161.28
F02975 -12.429  17.849 7.28e-17 5.54e-17 2.90e-17 24.31 1161.21
F02981 -12.425  18.799 7.41e-17 6.58e-17 3.83e-17 34.69 1161.31
F02968 -12.409  18.450 5.72e-17 4.48e-17 2.28e-17 23.22 1161.07
F02983 -12.404  18.662 5.30e-17 3.88e-17 3.00e-17 32.38 1161.24
F02957 -12.348  18.224 5.62e-17 4.66e-17 2.37e-17 24.37 1161.19
F02980 -12.345  18.504 2.14e-17 1.63e-17 1.24e-17 29.75 1161.12
F02984 -12.323  18.388 1.85e-17 1.47e-17 9.20e-18 25.17 1161.19
F02967 -12.315  18.367 4.06e-17 2.92e-17 2.06e-17 35.06 1161.24
F02969 -12.315  18.442 6.92e-17 5.76e-17 3.59e-17 30.53 1161.25
F02960 -12.303  18.402 7.13e-17 5.14e-17 3.43e-17 36.53 1161.22
F02976 -12.295  18.405 8.04e-17 5.53e-17 3.51e-17 23.67 1161.10
F02978 -12.291  18.383 3.76e-17 2.63e-17 2.06e-17 30.09 1161.10
F02982 -12.284  18.428 3.84e-17 2.89e-17 1.89e-17 29.33 1161.15
F02964 -12.276  18.338 4.35e-17 2.97e-17 2.05e-17 28.75 1161.13
F02965 -12.270  18.399 9.60e-17 6.46e-17 3.74e-17 16.26 1161.06
F02970 -12.253  18.395 5.27e-17 3.61e-17 2.43e-17 32.11 1161.30
F02979 -12.197  18.420 8.46e-17 6.30e-17 4.13e-17 25.78 1161.24
F02961 -12.193  18.817 8.38e-17 5.65e-17 4.39e-17 21.47 1161.08
F02974 -12.191  18.133 5.59e-17 4.63e-17 2.77e-17 37.95 1161.29
F02977 -12.137  18.518 6.07e-17 4.40e-17 3.59e-17 21.21 1161.20
F02959 -12.134  18.384 3.91e-17 2.94e-17 1.73e-17 26.72 1161.32
F02966 -12.080  18.024 2.87e-17 1.80e-17 1.20e-17 14.92 1161.35
F02962 -11.943  18.188 7.46e-17 4.76e-17 3.71e-17 32.76 1161.04
