name x y flux0 flux1 flux2 width rv
F01922  24.275  23.341 8.91e-17 8.03e-17 4.31e-17 40.62  953.00
F01918  24.338  22.668 7.80e-17 6.34e-17 4.29e-17 35.90  952.92
F01921  24.446  23.354 6.99e-17 6.12e-17 3.90e-17 33.42  953.00
F01909  24.475  23.571 1.11e-16 9.84e-17 7.09e-17 45.50  952.86
F01912  24.510  22.733 8.31e-17 5.34e-17 3.65e-17 51.21  953.14
F01907  24.512  23.088 6.08e-17 4.22e-17 3.27e-17 30.19  953.06
F01920  24.520  23.085 6.78e-17 4.04e-17 3.14e-17 32.96  953.18
F01904  24.535  23.228 6.60e-17 3.88e-17 3.52e-17 33.61  953.16
F01916  24.544  23.078 1.02e-16 6.29e-17 4.69e-17 37.05  953.16
F01913  24.546  23.225 5.19e-17 3.58e-17 2.44e-17 31.09  953.07
F01898  24.548  23.128 9.92e-17 4.97e-17 3.43e-17 40.56  952.97
F01914  24.549  23.098 5.88e-17 3.68e-17 2.48e-17 26.37  952.98
F01915  24.550  23.128 5.13e-17 3.26e-17 2.07e-17 31.45  953.00
F01911  24.551  23.102 4.44e-17 2.80e-17 2.06e-17 38.49  952.96
F01899  24.554  23.123 4.67e-17 3.17e-17 1.91e-17 25.99  953.23
F01908  24.563  23.128 5.07e-17 4.10e-17 2.56e-17 39.89  952.96
F01927  24.564  23.147 8.97e-17 6.62e-17 4.25e-17 41.99  952.94
F01924  24.582  23.116 5.10e-17 3.23e-17 2.72e-17 43.55  952.95
F01902  24.618  23.022 2.86e-17 2.24e-17 1.43e-17 40.90  953.00
F01901  24.626  23.122 5.46e-17 4.71e-17 3.42e-17 25.92  953.14
F01900  24.638  23.133 1.06e-16 8.09e-17 4.31e-17 29.98  953.13
F01917  24.639  23.345 9.45e-17 5.84e-17 3.56e-17 30.31  953.26
F01919  24.647  24.054 6.38e-17 4.96e-17 3.01e-17 47.12  952.83
F01906  24.661  23.277 3.56e-17 2.65e-17 1.94e-17 40.48  953.24
F01925  24.727  23.833 1.01e-16 6.11e-17 5.03e-17 39.92  952.91
F01905  24.740  23.312 1.07e-16 6.60e-17 4.26e-17 38.90  953.01
F01910  24.825  23.091 5.98e-17 4.91e-17 3.13e-17 37.12  953.20
F01928  24.876  23.206 6.65e-17 5.68e-17 3.30e-17 42.85  953.18
F01923  24.887  22.966 8.62e-17 6.40e-17 3.96e-17 31.52  953.16
F01903  24.903  23.078 1.12e-16 8.75e-17 6.16e-17 34.82  953.30
F01926  25.117  22.780 9.84e-17 8.19e-17 5.56e-17 40.32  952.89
