name x y flux1 flux2 flux3 par rv
P03016  15.122  26.016 7.55e-15 4.54e-15 2.65e-15   0.006    1.36
P00610  19.031  24.743 6.48e-16 5.49e-16 4.00e-16   0.005    1.33
P02645  19.724  24.859 1.73e-16 1.78e-16 1.58e-16   0.004    1.38
P03508  20.573  20.993 5.08e-14 2.43e-14 1.43e-14   0.005    1.28
P03967  24.608  24.036 8.32e-14 4.50e-14 2.20e-14   0.004    1.26
P04742  24.822  26.206 1.64e-16 7.70e-17 3.35e-17   0.005    1.21
P04201  24.946  23.882 2.76e-15 1.93e-15 1.15e-15   0.006    1.26
P04837  24.938  24.188 2.27e-14 1.49e-14 7.48e-15   0.003    1.29
P00514  25.505  20.028 1.96e-15 1.38e-15 9.63e-16   0.002    1.18
P03871  26.964  22.549 1.43e-14 7.63e-15 4.12e-15   0.005    0.98
P00077  27.110  27.100 3.72e-15 2.74e-15 1.39e-15   0.005    1.20
P02514  27.245  17.199 1.77e-16 1.55e-16 1.16e-16   0.004    0.61
P00505  28.054  29.578 6.61e-16 5.65e-16 4.02e-16   0.004    1.13
P00518  28.320  28.636 1.65e-15 1.38e-15 9.69e-16   0.005    1.06
P02765  28.541  29.016 4.48e-13 2.38e-13 9.19e-14   0.004    1.02
P03898  29.036  23.976 6.23e-14 3.67e-14 1.66e-14   0.005    1.17
P00849  29.565  24.397 2.48e-16 2.56e-16 1.68e-16   0.005    1.09
P01157  29.944  21.270 1.23e-14 7.37e-15 3.89e-15   0.002    0.78
