name x y flux0 flux1 flux2 width rv
F03188  -6.089  -6.539 5.85e-17 4.40e-17 3.38e-17 47.89  891.09
F03192  -6.017  -6.498 1.94e-17 1.53e-17 8.33e-18 38.11  891.12
F03180  -5.994  -6.760 1.29e-16 6.77e-17 5.21e-17 39.85  890.88
F03195  -5.969  -6.541 4.85e-17 4.10e-17 3.41e-17 37.09  890.94
F03200  -5.964  -6.496 1.78e-16 7.85e-17 6.06e-17 47.39  890.87
F03197  -5.899  -6.506 1.12e-16 6.71e-17 5.80e-17 34.63  891.12
F03181  -5.852  -6.605 3.50e-17 3.05e-17 2.10e-17 28.70  891.04
F03190  -5.846  -6.512 1.16e-16 8.32e-17 4.30e-17 31.31  890.86
F03202  -5.836  -6.543 8.17e-17 6.67e-17 4.20e-17 41.73  891.16
F03173  -5.808  -6.552 1.21e-16 5.70e-17 4.43e-17 37.51  890.97
F03185  -5.799  -6.110 6.46e-17 3.80e-17 2.46e-17 39.75  890.83
F03184  -5.798  -6.588 1.28e-16 9.67e-17 5.37e-17 31.30  890.76
F03183  -5.796  -6.523 1.13e-16 8.36e-17 4.43e-17 42.75  891.10
F03193  -5.794  -6.261 6.08e-17 4.65e-17 2.24e-17 40.12  890.89
F03194  -5.793  -6.523 1.36e-16 8.16e-17 6.47e-17 36.22  890.99
F03178  -5.786  -6.728 5.36e-17 3.94e-17 2.82e-17 38.30  890.99
F03189  -5.785  -6.533 1.12e-16 9.19e-17 5.51e-17 34.49  891.01
F03186  -5.781  -6.421 6.39e-17 5.03e-17 3.10e-17 35.19  891.10
F03176  -5.778  -6.567 8.27e-17 6.79e-17 4.17e-17 25.55  890.98
F03201  -5.776  -6.580 9.54e-17 7.14e-17 6.32e-17 48.91  890.99
F03175  -5.771  -6.541 2.20e-17 1.86e-17 8.99e-18 41.08  890.89
F03199  -5.766  -6.432 4.53e-17 2.85e-17 2.06e-17 45.55  890.87
F03172  -5.760  -6.529 9.28e-17 5.54e-17 4.10e-17 26.34  890.99
F03177  -5.711  -6.365 1.92e-17 1.68e-17 9.72e-18 36.20  891.02
F03187  -5.672  -6.778 1.08e-16 8.10e-17 5.13e-17 37.09  891.16
F03182  -5.659  -6.550 1.20e-16 7.71e-17 6.02e-17 32.42  891.22
F03174  -5.651  -6.702 1.36e-16 7.62e-17 5.55e-17 46.27  891.02
F03171  -5.607  -6.615 1.25e-16 6.98e-17 4.95e-17 25.96  891.06
F03179  -5.493  -6.473 6.30e-17 5.05e-17 2.56e-17 37.98  890.97
F03191  -5.484  -6.838 5.99e-17 4.81e-17 3.26e-17 29.77  891.14
F03196  -5.407  -6.062 3.67e-17 2.62e-17 1.68e-17 45.01  891.11
F03198  -5.406  -6.501 1.22e-16 7.69e-17 5.56e-17 36.64  890.79
