name x y flux0 flux1 flux2 width rv
F00154  -6.463 -25.027 3.77e-17 2.71e-17 1.42e-17 25.59 1475.56
F00146  -6.241 -25.056 2.63e-17 2.23e-17 1.55e-17 21.52 1475.38
F00156  -6.214 -25.207 1.77e-17 1.55e-17 9.39e-18 26.95 1475.48
F00155  -6.189 -25.414 2.39e-17 1.32e-17 1.16e-17 28.83 1475.22
F00132  -6.181 -25.232 3.74e-17 3.71e-17 2.37e-17 21.31 1475.46
F00144  -6.161 -25.297 2.38e-17 2.27e-17 1.42e-17 21.35 1475.27
F00148  -6.100 -25.126 5.28e-17 3.14e-17 3.03e-17 22.73 1475.44
F00129  -6.086 -25.099 1.17e-17 1.40e-17 6.13e-18 17.41 1475.37
F00152  -6.082 -25.131 1.82e-17 1.53e-17 1.05e-17 22.97 1475.33
F00137  -6.072 -25.099 1.21e-17 1.07e-17 5.62e-18 28.28 1475.35
F00147  -6.053 -25.086 2.85e-17 2.25e-17 1.37e-17 23.18 1475.56
F00135  -6.051 -25.107 2.83e-17 1.61e-17 1.06e-17 25.45 1475.28
F00145  -6.051 -25.155 2.37e-17 1.67e-17 1.04e-17 22.70 1475.48
F00158  -6.048 -25.086 6.90e-17 4.31e-17 3.71e-17 30.96 1475.63
F00151  -6.031 -25.116 3.16e-17 3.00e-17 2.37e-17 26.25 1475.33
F00139  -6.030 -25.066 4.77e-17 3.42e-17 2.31e-17 15.80 1475.45
F00142  -6.022 -25.064 5.02e-17 5.64e-17 3.52e-17 29.83 1475.29
F00143  -6.011 -25.266 2.57e-17 1.92e-17 1.24e-17 20.82 1475.50
F00141  -5.992 -25.430 2.62e-17 2.58e-17 9.15e-18 28.65 1475.35
F00136  -5.989 -25.029 3.84e-17 2.28e-17 1.41e-17 19.56 1475.56
F00149  -5.988 -24.958 4.67e-17 3.42e-17 1.69e-17 17.78 1475.60
F00138  -5.987 -25.290 3.88e-17 2.76e-17 1.93e-17 20.37 1475.41
F00153  -5.975 -25.185 2.52e-17 1.44e-17 6.97e-18 26.24 1475.38
F00134  -5.915 -25.093 2.58e-17 1.69e-17 1.40e-17 25.04 1475.45
F00150  -5.765 -24.897 3.12e-17 2.00e-17 1.38e-17 28.11 1475.30
