name x y flux1 flux2 flux3 par rv
P02344  15.016   1.046 1.04e-13 5.89e-14 2.52e-14   0.000    0.34
P00447  15.111   2.601 3.69e-14 7.40e-14 1.01e-13   0.000   -0.04
P00019  15.062   2.919 6.08e-17 4.48e-17 3.29e-17   0.001   -0.05
P02100  15.091   2.453 4.29e-15 2.26e-15 8.78e-16   0.002    0.04
P00321  15.261   1.270 7.65e-16 4.60e-16 2.46e-16   0.002    0.22
P02319  15.229   1.531 1.09e-16 8.04e-17 4.84e-17   0.001    0.13
P00265  15.124   1.181 1.20e-15 6.54e-16 3.09e-16   0.002    0.25
P04319  15.286   2.044 7.08e-15 3.55e-15 1.81e-15   0.001    0.05
P04046  15.341   0.843 8.35e-16 4.70e-16 2.37e-16   0.002    0.30
P01460  15.330   2.413 1.96e-13 1.88e-13 1.24e-13  -0.001   -0.03
P02534  15.504   1.440 7.20e-15 3.51e-15 1.56e-15   0.002    0.09
P01999  15.444   1.164 4.44e-16 3.13e-16 1.73e-16   0.000    0.29
P01673  15.445   3.014 6.62e-16 4.03e-16 1.85e-16   0.001   -0.01
P02555  15.437   0.396 6.36e-16 3.60e-16 2.22e-16   0.002    0.45
P01519  15.418   0.626 1.20e-17 1.26e-17 9.02e-18   0.001    0.39
P04108  15.409   0.570 6.30e-17 4.55e-17 3.03e-17   0.000    0.42
P01939  15.492   1.179 2.86e-17 2.31e-17 1.54e-17   0.001    0.26
P02959  15.451   1.130 1.89e-17 1.68e-17 1.04e-17  -0.000    0.23
P01730  15.420   0.837 6.77e-15 3.00e-15 1.42e-15  -0.001    0.41
P02463  15.569   1.617 5.87e-17 4.28e-17 2.80e-17   0.002    0.03
P04623  15.604   0.473 3.73e-17 3.44e-17 2.19e-17  -0.000    0.36
P02866  15.458   0.547 4.06e-15 2.02e-15 1.00e-15   0.002    0.41
P03480  15.537   1.077 6.28e-16 4.11e-16 1.99e-16   0.001    0.30
P02449  15.643   0.523 1.25e-15 7.15e-16 3.61e-16   0.002    0.40
P02710  15.671   1.146 1.44e-16 9.62e-17 5.27e-17   0.001    0.26
P02609  15.626   0.996 1.85e-16 1.23e-16 7.05e-17   0.001    0.29
P03541  15.621   1.106 2.19e-15 1.11e-15 5.47e-16  -0.001    0.27
P03354  15.668   0.712 1.44e-16 9.43e-17 5.56e-17  -0.001    0.42
P01273  15.526   1.837 1.67e-16 1.13e-16 7.56e-17  -0.001    0.01
P00258  15.626   1.170 4.02e-16 2.52e-16 1.37e-16   0.001    0.12
P05075  15.714   1.285 2.95e-17 2.77e-17 1.72e-17   0.001    0.12
P03999  15.768   1.846 2.05e-13 1.08e-13 6.59e-14   0.001   -0.04
P03092  15.696   0.957 6.38e-16 4.10e-16 2.13e-16   0.002    0.32
P04615  15.767   2.866 5.56e-17 4.58e-17 2.65e-17   0.001   -0.07
P02969  15.805   0.808 8.28e-17 6.03e-17 3.58e-17   0.000    0.33
P04787  15.821   0.761 1.03e-13 5.59e-14 2.19e-14  -0.000    0.32
P00087  15.759   1.114 1.13e-16 7.23e-17 4.23e-17  -0.000    0.18
P04982  15.897   1.432 4.44e-17 3.59e-17 2.21e-17   0.003    0.05
P02732  15.787   1.303 7.53e-17 6.12e-17 3.85e-17  -0.001    0.22
P03312  15.862   0.565 6.18e-17 4.47e-17 2.56e-17   0.002    0.40
P02271  15.956   1.247 1.48e-16 8.92e-17 6.09e-17   0.001    0.13
P01090  16.033   1.198 7.15e-16 3.88e-16 2.05e-16   0.001    0.15
P00335  15.985   5.905 4.17e-16 2.34e-16 1.45e-16   0.002   -0.09
P00102  16.187   2.585 9.24e-17 6.49e-17 4.36e-17   0.002   -0.06
P03194  16.140   0.252 6.61e-16 3.98e-16 2.03e-16   0.001    0.41
P01320  16.135   2.503 9.94e-15 5.19e-15 2.19e-15   0.002   -0.03
P02014  16.090   1.699 1.06e-17 1.08e-17 8.25e-18   0.001    0.09
P00868  16.074   2.426 4.69e-17 3.49e-17 2.51e-17   0.000   -0.06
P02624  16.124   0.042 1.33e-15 6.46e-16 3.59e-16   0.001    0.45
P00095  16.294   1.164 3.06e-17 2.53e-17 1.84e-17   0.001    0.15
P01194  16.363   0.200 3.07e-17 2.38e-17 1.84e-17   0.002    0.34
P01526  16.366   1.324 1.28e-16 8.50e-17 4.91e-17   0.003    0.14
P00996  16.267   0.695 2.25e-17 1.82e-17 1.48e-17   0.001    0.24
P02739  16.479   0.968 1.30e-15 7.55e-16 3.60e-16   0.002    0.23
P01494  16.669   1.528 3.10e-15 1.61e-15 7.20e-16  -0.000    0.09
P02785  16.509   1.062 1.63e-13 9.07e-14 4.92e-14   0.001    0.15
P03925  16.699   1.696 1.01e-15 5.91e-16 3.11e-16   0.002    0.09
P01234  16.687   0.967 3.09e-15 1.72e-15 8.13e-16   0.001    0.24
P02818  16.830   6.692 1.00e-17 9.83e-18 7.22e-18   0.002   -0.11
P04179  17.097   0.232 1.16e-13 1.53e-13 1.28e-13   0.001    0.34
P03948  16.996   3.662 7.32e-17 5.40e-17 3.49e-17   0.001   -0.08
P01875  17.216   0.887 4.72e-15 2.80e-15 1.19e-15   0.001    0.20
P03470  17.215   1.641 1.73e-17 1.57e-17 1.16e-17   0.001    0.07
P02746  17.325   5.135 2.68e-17 2.33e-17 1.59e-17  -0.000   -0.08
P03222  17.527   1.645 2.06e-16 1.35e-16 7.99e-17   0.000    0.12
P00295  17.489   1.159 5.11e-15 2.46e-15 1.13e-15   0.001    0.15
P01279  17.504   0.461 5.65e-16 3.67e-16 1.77e-16   0.000    0.25
P00523  17.728   1.033 3.03e-16 2.02e-16 9.75e-17  -0.001    0.10
P03352  18.166   1.028 1.78e-15 9.03e-16 4.71e-16   0.000    0.21
P03407  18.472   3.598 6.14e-16 3.29e-16 1.86e-16   0.000   -0.09
P05037  18.551   0.076 9.72e-16 4.61e-16 2.47e-16   0.001    0.22
P04464  18.685   5.601 4.46e-17 3.55e-17 2.51e-17  -0.001   -0.08
P02603  18.563   4.003 1.54e-15 7.56e-16 4.06e-16   0.001   -0.04
P03095  18.852   1.866 9.03e-14 4.72e-14 2.22e-14  -0.001    0.15
P03946  19.240   0.282 1.54e-17 1.10e-17 6.38e-18   0.002   -0.29
P04039  19.335   2.044 1.91e-16 1.33e-16 7.58e-17   0.001    0.09
P00197  19.217   5.771 9.33e-15 4.65e-15 2.20e-15   0.001   -0.09
P01191  19.424   1.880 3.05e-16 1.67e-16 8.31e-17   0.002    0.70
P00601  19.419   0.256 2.40e-16 1.19e-16 6.31e-17   0.001   -0.37
P03364  19.438   0.058 1.36e-17 1.07e-17 6.35e-18  -0.000   -0.42
P04921  19.520   0.398 4.14e-17 2.64e-17 1.37e-17  -0.001   -0.22
P00981  19.672   1.868 4.41e-15 2.35e-15 1.06e-15   0.002    0.10
P03477  19.645   0.186 2.74e-14 1.84e-14 1.02e-14   0.000   -0.48
P02348  19.596   1.708 1.13e-17 8.44e-18 4.54e-18   0.000    0.73
P02830  19.638   0.522 1.54e-17 1.05e-17 6.32e-18  -0.000   -0.26
P00433  19.605   0.899 9.40e-15 4.76e-15 2.13e-15  -0.002    0.38
P00364  19.590   0.572 9.78e-15 4.86e-15 1.94e-15   0.001    0.11
P05065  19.520   1.009 1.00e-16 5.65e-17 2.96e-17   0.000    0.56
P03190  19.727   0.079 2.76e-14 1.85e-14 1.13e-14   0.002   -0.43
P03052  19.742   0.853 2.19e-17 1.59e-17 9.81e-18   0.001    0.38
P01910  19.704   0.354 6.03e-16 3.53e-16 1.42e-16   0.000   -0.36
P01450  19.660   0.311 1.42e-14 7.85e-15 3.28e-15  -0.001   -0.40
P00617  19.619   0.688 2.57e-14 2.13e-14 1.66e-14   0.000   -0.06
P02022  19.739   0.601 1.18e-16 7.96e-17 3.64e-17  -0.002   -0.29
P01867  19.635   0.012 7.96e-16 3.70e-16 1.71e-16   0.000   -0.53
P00053  19.689   0.312 1.12e-16 6.49e-17 3.42e-17   0.001   -0.49
P04029  19.821   0.684 6.39e-16 3.60e-16 1.59e-16  -0.001    0.06
P02335  19.746   0.901 1.51e-16 8.67e-17 3.67e-17   0.001    0.47
P02663  19.748   0.231 3.89e-17 2.41e-17 1.34e-17  -0.001   -0.46
P04956  19.765   0.314 4.91e-17 3.15e-17 1.60e-17   0.001   -0.44
P02768  19.738   0.645 1.05e-15 5.47e-16 2.44e-16   0.001   -0.20
P01816  19.793   0.519 2.69e-17 1.97e-17 1.01e-17  -0.000   -0.21
P02782  19.817   0.931 1.35e-15 6.51e-16 2.97e-16   0.002    0.33
P00592  19.804   0.957 1.07e-17 7.83e-18 4.93e-18   0.001    0.69
P03683  19.861   0.367 5.61e-17 2.87e-17 1.54e-17  -0.000   -0.34
P02280  19.882   0.814 2.72e-14 1.86e-14 9.91e-15   0.000    0.37
P00303  19.926   0.950 1.59e-16 9.14e-17 4.22e-17   0.000    0.48
P02646  19.824   0.379 2.38e-14 1.96e-14 1.42e-14  -0.001   -0.47
P03331  19.880   0.710 2.83e-14 2.07e-14 1.34e-14   0.001   -0.20
P01501  19.848   0.491 1.41e-14 7.99e-15 3.78e-15   0.001   -0.38
P01589  19.937   0.830 9.62e-15 5.02e-15 2.59e-15  -0.002    0.44
P04022  19.881   2.224 5.27e-16 2.66e-16 1.29e-16   0.001    1.10
P03555  19.846   0.791 8.09e-16 4.07e-16 1.85e-16   0.001    0.40
P03947  19.914   1.521 1.96e-17 1.23e-17 6.71e-18  -0.000    0.98
P01681  19.886   0.682 9.11e-16 4.45e-16 1.85e-16  -0.001    0.03
P01584  19.834   0.701 2.58e-16 1.43e-16 6.69e-17  -0.000    0.09
P04940  19.907   0.727 9.74e-17 6.10e-17 2.93e-17   0.002    0.21
P02421  19.859   0.724 4.63e-17 2.99e-17 1.62e-17   0.001    0.29
P00409  19.770   0.296 1.81e-16 1.21e-16 4.48e-17  -0.000   -0.34
P02054  19.958   0.679 1.23e-14 5.97e-15 2.86e-15   0.001    0.18
P01728  19.869   0.845 2.03e-17 1.36e-17 7.80e-18  -0.001    0.66
P05010  20.018   0.911 1.74e-14 1.01e-14 5.33e-15  -0.001    0.76
P03200  19.855   0.821 9.59e-16 5.27e-16 2.27e-16  -0.000    0.35
P03184  19.912   0.706 1.20e-14 5.56e-15 2.73e-15   0.001    0.37
P03826  19.961   0.560 1.17e-14 5.91e-15 2.48e-15   0.000   -0.13
P01610  19.908   0.734 1.55e-16 7.78e-17 4.39e-17  -0.002    0.08
P03583  19.914   0.826 1.83e-17 1.16e-17 6.94e-18  -0.001    0.71
P01002  19.868   0.209 2.58e-14 2.24e-14 1.62e-14   0.001   -0.48
P03713  19.763   0.650 3.07e-16 1.79e-16 8.02e-17  -0.001    0.15
P01290  19.911   0.604 1.07e-16 6.44e-17 3.48e-17   0.001    0.32
P05020  19.996   0.625 1.62e-16 9.88e-17 4.82e-17  -0.000    0.43
P01788  19.832   0.866 7.31e-16 3.74e-16 1.77e-16   0.000    0.41
P01962  19.844   1.923 1.35e-15 7.05e-16 3.44e-16   0.000    1.13
P00884  19.947   0.935 1.95e-14 1.01e-14 5.43e-15  -0.000    0.74
P04656  20.041   0.803 7.91e-16 4.54e-16 1.84e-16   0.001    0.40
P04074  19.889   0.885 1.34e-16 7.90e-17 3.75e-17   0.001    0.54
P04322  19.870   0.665 1.46e-17 1.00e-17 5.41e-18   0.002    0.39
P02231  19.911   0.472 1.33e-15 6.42e-16 3.12e-16  -0.000   -0.32
P02437  19.910   0.735 2.00e-17 1.37e-17 8.09e-18  -0.001    0.47
P01729  19.882   0.622 7.70e-17 4.68e-17 2.28e-17   0.001    0.02
P04586  19.861   0.706 1.51e-16 8.36e-17 4.22e-17  -0.001    0.30
P05041  20.034   0.684 2.54e-17 1.62e-17 9.48e-18   0.000   -0.10
P04349  19.864   0.797 2.00e-14 2.03e-14 1.76e-14   0.001    0.65
P04374  19.995   1.127 1.20e-17 8.54e-18 5.70e-18   0.001    0.89
P00328  20.039   0.358 1.10e-14 5.09e-15 2.43e-15   0.001   -0.35
P04284  19.974   0.638 8.07e-17 4.86e-17 2.27e-17   0.002    0.18
P02279  20.010   0.505 2.13e-17 1.34e-17 8.06e-18  -0.000   -0.11
P02215  19.915   0.634 3.37e-16 1.79e-16 7.76e-17  -0.001   -0.02
P03988  19.987   0.476 1.30e-16 8.41e-16 2.53e-15  -0.001   -0.20
P00083  20.071   1.123 1.46e-16 8.38e-17 4.34e-17   0.002    0.81
P02330  19.921   0.004 2.55e-17 1.60e-17 8.91e-18   0.001   -0.50
P00500  19.956   0.798 2.02e-14 1.32e-14 5.86e-15   0.000    0.63
P01364  19.915   0.950 1.16e-15 5.15e-16 2.36e-16  -0.003    0.74
P00606  20.031   0.820 2.63e-14 1.52e-14 7.29e-15   0.001    0.29
P02981  20.125   0.700 3.34e-16 1.82e-16 8.64e-17   0.000    0.10
P01505  20.094   0.984 1.17e-16 6.62e-17 3.55e-17  -0.001    0.68
P01805  20.106   0.872 8.06e-17 4.32e-17 2.56e-17  -0.000    0.68
P01217  19.957   0.985 1.11e-16 4.96e-17 2.57e-17   0.001    0.83
P02673  20.042   1.050 1.24e-15 6.14e-16 2.52e-16   0.001    0.78
P00509  20.114   0.584 5.05e-17 2.86e-17 1.62e-17   0.000    0.08
P01133  20.137   0.539 2.48e-17 1.41e-17 8.40e-18   0.001    0.02
P00235  20.182   0.617 5.74e-17 3.50e-17 1.88e-17  -0.000    0.49
P05098  20.088   0.767 1.04e-15 5.02e-16 2.10e-16  -0.000    0.51
P01414  20.123   0.038 1.18e-16 7.32e-17 3.91e-17  -0.000   -0.36
P02883  20.229   2.007 1.09e-16 6.54e-17 3.47e-17  -0.000    1.12
P02424  20.163   0.502 4.30e-16 2.09e-16 1.00e-16  -0.001    0.08
P00310  20.051   1.597 2.16e-16 1.20e-16 6.22e-17  -0.000    1.14
P02676  20.170   0.732 1.68e-16 8.81e-17 4.59e-17  -0.001    0.40
P02197  20.227   0.598 1.35e-17 1.02e-17 6.82e-18  -0.000    0.22
P04531  20.248   2.008 1.45e-16 8.51e-17 4.08e-17   0.001    1.16
P00162  20.174   0.851 8.98e-17 4.93e-17 2.59e-17   0.002    0.47
P01483  20.207   0.376 1.61e-17 1.08e-17 7.15e-18  -0.001   -0.13
P01894  20.252   1.958 1.46e-17 9.25e-18 6.37e-18  -0.000    1.13
P02249  20.286   0.704 8.69e-17 5.05e-17 2.63e-17   0.001    0.39
P03562  20.283   1.259 5.19e-16 2.68e-16 1.36e-16  -0.000    0.84
P04763  20.378   2.504 6.57e-17 4.13e-17 1.93e-17   0.002    1.21
P04633  20.384   1.079 2.46e-17 1.58e-17 9.10e-18  -0.001    0.80
P03422  20.338   1.095 1.53e-15 7.52e-16 2.75e-16   0.000    0.56
P04963  20.335   1.005 1.11e-16 5.93e-17 3.38e-17   0.002    0.64
P02478  20.319   1.236 6.52e-17 4.50e-17 2.22e-17   0.001    0.88
P04966  20.339   2.363 2.65e-17 1.80e-17 1.08e-17   0.001    1.17
P04597  20.492   0.929 1.09e-17 7.67e-18 4.69e-18   0.002    0.52
P04851  20.742   2.342 5.11e-17 3.46e-17 1.71e-17   0.001    1.13
P00948  20.689   0.080 5.37e-15 3.18e-15 1.29e-15  -0.001    0.19
P03872  20.802   1.474 1.47e-17 1.19e-17 6.89e-18  -0.002    0.80
P02382  21.138   1.872 2.51e-16 1.53e-16 6.83e-17   0.000    0.80
P04138  21.259   0.688 4.49e-15 2.00e-15 1.05e-15   0.000    0.17
P02442  21.325   3.921 1.11e-14 1.41e-14 1.70e-14   0.000    1.19
P04408  21.598   4.583 1.15e-17 8.41e-18 5.01e-18   0.002    1.24
P01215  21.784   3.293 1.61e-16 1.02e-16 6.15e-17  -0.000    0.10
P04985  22.074   1.487 9.16e-16 5.79e-16 2.89e-16   0.002    0.16
