name x y flux0 flux1 flux2 width rv
F06110  44.088 -23.992 2.31e-17 2.08e-17 1.26e-17 21.28 1373.22
F06113  44.142 -24.211 6.57e-17 3.37e-17 2.33e-17 26.23 1373.42
F06105  44.148 -24.164 2.42e-17 2.04e-17 9.12e-18 22.31 1373.15
F06104  44.216 -24.092 3.90e-17 2.56e-17 2.15e-17 31.17 1373.46
F06121  44.225 -24.111 2.58e-17 2.40e-17 1.11e-17 24.04 1373.42
F06126  44.227 -24.138 3.97e-17 2.22e-17 1.83e-17 23.47 1373.50
F06114  44.228 -24.110 1.07e-16 5.78e-17 5.24e-17 33.41 1373.33
F06129  44.230 -24.093 4.96e-17 3.77e-17 2.71e-17 31.66 1373.24
F06132  44.232 -24.084 3.56e-17 3.09e-17 2.26e-17 26.19 1373.28
F06116  44.232 -24.146 4.58e-17 3.24e-17 1.96e-17 25.44 1373.40
F06112  44.234 -24.253 4.60e-17 3.56e-17 3.05e-17 26.37 1373.24
F06136  44.240 -24.125 3.06e-17 1.61e-17 1.51e-17 21.27 1373.39
F06117  44.248 -24.112 6.11e-17 4.66e-17 3.32e-17 30.49 1373.36
F06120  44.249 -24.093 2.05e-17 1.45e-17 1.08e-17 24.38 1373.27
F06125  44.254 -24.468 3.24e-17 3.84e-17 2.43e-17 29.77 1373.14
F06106  44.255 -24.044 3.28e-17 2.43e-17 1.21e-17 26.89 1373.33
F06123  44.262 -24.107 4.64e-17 3.40e-17 1.99e-17 21.63 1373.32
F06130  44.267 -23.995 5.38e-17 4.28e-17 3.25e-17 18.64 1373.31
F06135  44.271 -24.142 1.02e-16 8.21e-17 2.24e-17 26.26 1373.32
F06127  44.282 -24.176 3.04e-17 2.39e-17 1.04e-17 29.03 1373.29
F06103  44.292 -24.244 3.68e-17 3.36e-17 2.47e-17 17.37 1373.06
F06111  44.295 -24.248 2.94e-17 2.46e-17 1.53e-17 17.90 1373.19
F06108  44.302 -24.169 4.10e-17 2.20e-17 2.59e-17 24.90 1373.21
F06109  44.303 -24.392 4.90e-17 4.47e-17 2.90e-17 25.58 1373.19
F06118  44.310 -24.080 1.41e-17 1.47e-17 5.46e-18 18.04 1373.25
F06122  44.318 -23.952 3.05e-17 2.68e-17 1.05e-17 30.44 1373.05
F06131  44.325 -24.165 4.69e-17 3.99e-17 2.48e-17 21.22 1373.26
F06134  44.334 -23.732 5.17e-17 4.97e-17 2.55e-17 22.92 1373.24
F06107  44.366 -24.232 3.32e-17 1.98e-17 1.71e-17 26.61 1373.28
F06128  44.375 -24.141 6.81e-17 5.24e-17 3.01e-17 21.70 1373.30
F06115  44.381 -24.070 5.06e-17 2.82e-17 1.92e-17 27.87 1373.34
F06133  44.432 -24.049 2.56e-17 2.33e-17 1.05e-17 20.05 1373.42
F06119  44.477 -24.844 4.32e-17 3.81e-17 2.31e-17 19.60 1373.25
F05190  44.974 -19.701 1.48e-17 1.82e-17 1.07e-17 20.35 1927.94
