name x y flux1 flux2 flux3 par rv
P02316  30.126 -20.737 1.17e-17 1.05e-17 9.74e-18   0.001   -0.48
P01189  30.107 -20.377 1.73e-17 1.69e-17 1.01e-17   0.000   -0.57
P01947  30.044 -25.396 1.34e-15 7.64e-16 3.57e-16   0.002    0.53
P04658  30.224 -29.514 1.04e-17 1.03e-17 8.28e-18   0.001    0.45
P03521  30.249 -19.195 3.12e-17 3.05e-17 2.02e-17  -0.001   -0.91
P04755  30.276 -18.326 6.94e-16 3.80e-16 1.84e-16   0.000   -0.86
P04505  30.349 -26.078 2.39e-15 1.54e-15 6.90e-16   0.001    0.43
P00731  30.447 -19.174 3.19e-16 1.86e-16 1.28e-16   0.000   -0.88
P04603  30.465 -22.565 1.78e-15 1.19e-15 5.71e-16   0.000    0.07
P01245  30.523 -17.418 5.06e-17 4.17e-17 2.55e-17  -0.000   -0.92
P03350  30.697 -23.266 1.92e-16 1.16e-16 6.93e-17   0.001    0.12
P03991  30.742 -22.741 8.12e-16 4.23e-16 1.85e-16  -0.000   -0.04
P01058  30.881 -20.752 1.38e-15 7.86e-16 3.43e-16   0.001   -0.22
P01551  30.993 -21.550 6.87e-17 5.73e-17 4.05e-17   0.001   -0.21
P00826  31.065 -27.829 3.16e-13 2.49e-13 1.48e-13   0.002    0.38
P04243  31.183 -25.581 5.66e-15 2.53e-15 1.20e-15   0.000    0.47
P01557  31.305 -28.622 3.38e-16 2.21e-16 1.22e-16   0.001    0.44
P03420  31.492 -18.058 1.43e-17 1.37e-17 1.15e-17   0.000   -0.29
P02262  31.551 -29.643 3.11e-16 2.46e-16 1.10e-16   0.003    0.41
P02941  31.468 -28.835 7.16e-17 5.25e-17 3.82e-17  -0.000    0.40
P02908  32.481 -19.120 1.08e-16 6.62e-17 5.20e-17   0.002   -0.29
P00126  32.564 -21.224 1.58e-17 1.38e-17 1.13e-17  -0.000   -0.06
P02716  32.753 -22.436 2.27e-13 1.05e-13 4.73e-14   0.002    0.07
P02931  32.834 -27.334 2.08e-13 1.17e-13 4.87e-14   0.002    0.38
P03224  32.894 -25.262 1.17e-13 6.58e-14 3.36e-14   0.002    0.38
P00567  33.143 -28.288 5.65e-16 3.47e-16 1.69e-16   0.001    0.37
P03600  33.776 -19.797 5.16e-15 2.90e-15 1.38e-15   0.003   -0.18
P02934  33.807 -20.993 7.67e-17 6.63e-17 4.20e-17   0.001   -0.14
P03419  34.015 -16.532 1.33e-15 8.14e-16 4.06e-16   0.002   -0.37
P04841  34.462 -24.458 1.65e-16 1.36e-16 6.55e-17   0.003    0.35
P03569  34.460 -28.908 3.74e-13 2.92e-13 2.11e-13   0.000    0.30
P04134  34.406 -27.319 2.94e-13 1.87e-13 7.33e-14   0.002    0.61
P01878  34.377 -24.491 5.10e-17 4.57e-17 2.61e-17  -0.001    0.34
P02977  34.788 -29.380 2.19e-14 9.52e-15 4.63e-15   0.001    0.76
P04634  35.085 -20.518 3.43e-17 2.69e-17 1.84e-17   0.001   -0.20
P04110  35.060 -27.190 4.84e-15 2.30e-15 1.03e-15   0.001    0.62
P04943  35.360 -21.609 6.18e-15 3.05e-15 1.25e-15   0.001   -0.12
P00928  35.606 -29.188 2.66e-13 1.24e-13 6.52e-14   0.001    0.26
P02284  35.560 -25.425 1.09e-15 6.23e-16 2.88e-16  -0.001    0.41
P04990  35.921 -26.759 7.94e-16 4.26e-16 2.66e-16   0.001    0.57
P00730  35.949 -23.446 1.98e-16 1.56e-16 9.73e-17  -0.000    0.07
P00137  36.000 -25.096 1.65e-17 1.48e-17 1.09e-17   0.003    0.35
P03544  36.119 -23.400 8.14e-15 3.46e-15 1.86e-15   0.001    0.05
P01145  36.098 -21.295 1.10e-17 1.04e-17 9.50e-18   0.000   -0.18
P01872  36.159 -20.267 2.05e-15 1.31e-15 5.10e-16   0.003   -0.32
P01628  36.177 -26.154 1.64e-16 1.07e-16 7.09e-17   0.001    0.27
P04887  36.368 -28.249 1.64e-17 1.83e-17 1.46e-17   0.001    0.77
P02612  36.409 -22.976 2.60e-15 1.39e-15 7.62e-16   0.000    0.01
P02352  36.351 -25.417 3.92e-13 2.59e-13 1.88e-13   0.002    0.46
P04008  36.299 -23.655 3.08e-16 2.22e-16 1.58e-16   0.001    0.12
P02615  36.439 -29.274 5.81e-16 3.22e-16 1.56e-16   0.001    0.28
P02856  36.572 -22.369 9.53e-17 5.77e-17 3.80e-17   0.002   -0.08
P02841  36.597 -27.134 1.45e-13 7.39e-14 3.37e-14   0.001    0.79
P03128  36.766 -22.817 1.73e-14 7.44e-15 3.18e-15   0.000   -0.08
P00190  36.777 -24.842 1.65e-13 1.01e-13 4.94e-14   0.002    0.31
P04321  37.073 -25.338 1.94e-17 2.30e-17 1.46e-17   0.000    0.47
P00209  37.062 -19.198 7.04e-17 5.30e-17 3.49e-17   0.000   -0.36
P01349  37.022 -26.225 4.10e-17 3.54e-17 2.52e-17   0.001    0.64
P04392  37.069 -23.491 2.01e-17 1.38e-17 1.18e-17   0.001    0.02
P02717  37.317 -22.769 1.03e-13 1.39e-13 1.85e-13   0.000   -0.09
P04839  37.376 -26.763 2.73e-17 2.77e-17 1.97e-17   0.001    0.80
P00082  37.424 -22.620 9.65e-17 7.37e-17 4.43e-17   0.001   -0.18
P02244  37.362 -24.938 9.73e-16 5.59e-16 2.77e-16   0.001    0.38
P01170  37.513 -23.762 4.70e-16 2.72e-16 1.44e-16   0.000    0.02
P02961  37.483 -24.536 5.34e-17 4.67e-17 2.78e-17   0.002    0.25
P03697  37.586 -22.262 1.53e-17 1.31e-17 1.07e-17   0.003   -0.33
P04266  37.684 -23.524 1.41e-14 7.06e-15 3.01e-15   0.001   -0.07
P02195  37.554 -24.775 5.29e-16 2.98e-16 1.66e-16   0.001    0.36
P01135  37.684 -22.765 5.11e-17 3.71e-17 2.58e-17  -0.000   -0.27
P03411  37.685 -28.019 2.25e-15 1.27e-15 7.12e-16   0.002    0.92
P04080  37.678 -24.673 4.96e-17 4.30e-17 2.95e-17   0.002    0.29
P04248  37.622 -24.165 2.36e-13 2.13e-13 7.48e-14   0.002    0.04
P03212  37.696 -21.005 3.99e-16 2.55e-16 1.45e-16   0.001   -0.35
P04404  37.967 -24.770 3.66e-17 3.74e-17 2.49e-17   0.001    0.42
P00277  37.975 -25.306 1.63e-15 1.04e-15 4.90e-16  -0.001    0.63
P04622  37.838 -24.734 5.42e-16 3.05e-16 1.79e-16  -0.001    0.40
P00870  37.994 -24.271 3.64e-16 2.25e-16 1.44e-16   0.000    0.10
P00781  37.876 -24.424 4.84e-15 3.04e-15 1.18e-15   0.002    0.16
P00161  37.826 -23.574 3.68e-17 2.73e-17 2.31e-17   0.000   -0.07
P01006  37.950 -24.807 1.51e-13 9.55e-14 4.06e-14   0.002    0.34
P03263  38.034 -25.563 9.31e-17 6.34e-17 4.06e-17   0.001    0.67
P00656  38.014 -24.643 1.57e-13 1.09e-13 5.16e-14   0.001    0.37
P00424  38.087 -25.385 1.84e-14 8.61e-15 3.54e-15  -0.001    0.58
P01259  38.079 -24.193 4.76e-14 1.13e-13 1.77e-13  -0.001    0.10
P04741  38.057 -24.013 7.12e-17 6.11e-17 4.39e-17   0.002   -0.04
P03096  37.931 -22.285 3.46e-13 2.47e-13 1.55e-13   0.001   -0.23
P00515  38.058 -23.756 1.19e-16 9.08e-17 6.00e-17   0.000   -0.09
P02797  37.916 -23.881 9.64e-15 4.82e-15 2.08e-15   0.001   -0.03
P04845  38.097 -24.630 1.96e-16 1.78e-16 8.98e-17   0.001    0.40
P03327  38.170 -24.819 1.79e-13 8.53e-14 4.77e-14   0.001    0.46
P04693  38.084 -26.241 1.13e-15 7.37e-16 3.66e-16   0.002    0.77
P02234  38.321 -24.545 2.13e-15 9.87e-16 5.64e-16  -0.002    0.23
P04421  38.176 -23.715 1.10e-17 1.32e-17 1.02e-17   0.002   -0.08
P00863  38.143 -24.663 1.45e-16 1.12e-16 6.31e-17   0.001    0.18
P03342  38.249 -26.021 4.67e-17 3.49e-17 3.03e-17   0.001    0.71
P01120  38.195 -24.515 5.53e-17 3.80e-17 2.73e-17   0.001    0.14
P04691  38.260 -24.534 2.11e-13 1.22e-13 6.84e-14   0.001    0.19
P03912  38.221 -24.351 1.71e-17 1.68e-17 1.16e-17   0.002    0.13
P01929  38.295 -26.283 5.99e-17 4.40e-17 3.03e-17   0.001    0.84
P04749  38.432 -24.653 2.37e-17 2.07e-17 1.47e-17   0.002    0.25
P01023  38.350 -24.744 1.44e-15 7.82e-16 3.78e-16   0.003    0.48
P03965  38.342 -24.658 2.54e-13 1.63e-13 9.61e-14   0.000    0.35
P01459  38.328 -24.726 1.32e-13 6.95e-14 3.07e-14   0.001    0.25
P04036  38.433 -24.118 3.54e-13 2.62e-13 1.80e-13   0.001   -0.02
P03201  38.433 -24.930 9.55e-16 5.24e-16 3.52e-16   0.000    0.49
P02306  38.477 -24.899 1.24e-15 7.84e-16 4.58e-16   0.000    0.49
P04375  38.360 -24.912 5.90e-17 4.96e-17 3.06e-17   0.002    0.41
P01012  38.372 -25.825 2.68e-13 2.72e-13 2.17e-13   0.002    0.77
P01443  38.423 -23.718 5.13e-17 4.27e-17 2.88e-17   0.002   -0.04
P00707  38.510 -24.485 6.83e-17 4.64e-17 3.12e-17  -0.000    0.15
P01577  38.456 -24.552 1.29e-14 6.64e-15 3.26e-15   0.001    0.25
P04950  38.513 -24.722 1.21e-14 5.40e-15 2.60e-15   0.001    0.24
P01136  38.533 -24.713 2.19e-17 1.91e-17 1.25e-17   0.001    0.36
P03101  38.577 -24.502 2.51e-13 2.82e-13 2.09e-13  -0.001    0.14
P02066  38.722 -25.780 2.95e-13 2.38e-13 1.09e-13   0.000    0.77
P02180  38.666 -22.690 1.37e-17 1.19e-17 1.06e-17   0.000   -0.21
P01378  38.545 -21.694 4.60e-17 3.44e-17 2.62e-17   0.000   -0.26
P04083  38.490 -20.180 2.58e-15 1.28e-15 6.54e-16   0.002   -0.28
P00605  38.592 -25.098 7.03e-15 3.99e-15 1.71e-15   0.002    0.52
P03000  38.557 -25.806 6.68e-16 3.73e-16 1.81e-16   0.001    0.75
P00709  38.698 -21.833 4.36e-17 3.38e-17 2.59e-17   0.001   -0.21
P01275  38.722 -25.460 1.91e-13 1.05e-13 4.70e-14   0.002    0.67
P00724  38.605 -26.579 1.02e-16 9.17e-17 6.29e-17   0.002    0.83
P01564  38.684 -26.175 1.57e-14 9.39e-15 4.15e-15   0.003    0.74
P03289  38.638 -24.430 4.02e-17 2.82e-17 2.09e-17   0.000    0.20
P03265  38.843 -25.731 6.00e-17 4.32e-17 3.25e-17   0.001    0.74
P02995  38.596 -22.128 2.37e-17 2.09e-17 1.57e-17   0.001   -0.22
P02576  38.846 -24.834 2.18e-16 1.48e-16 7.69e-17   0.001    0.39
P00930  38.752 -24.623 1.52e-17 1.69e-17 1.01e-17  -0.000    0.26
P00216  38.861 -24.318 1.26e-15 6.30e-16 2.88e-16   0.001    0.16
P00608  38.937 -24.604 2.66e-15 1.24e-15 6.14e-16   0.002    0.25
P03850  38.798 -23.785 3.54e-17 2.57e-17 1.56e-17   0.002    0.02
P02127  38.947 -25.131 7.01e-16 5.18e-16 2.30e-16   0.001    0.54
P00469  38.913 -24.532 3.38e-15 1.90e-15 9.00e-16   0.002    0.33
P01300  38.953 -22.509 1.10e-13 1.97e-13 1.97e-13   0.001   -0.09
P02901  38.905 -27.997 1.32e-14 6.86e-15 2.96e-15  -0.002    0.91
P00435  38.963 -23.764 8.89e-16 4.39e-16 2.32e-16   0.001   -0.03
P01007  38.803 -24.428 3.17e-13 2.38e-13 1.91e-13   0.001    0.23
P00339  39.198 -25.855 3.44e-15 1.88e-15 8.73e-16   0.001    0.69
P00888  39.366 -28.768 1.80e-16 1.27e-16 8.58e-17   0.001    0.91
P04846  39.296 -24.291 4.51e-15 2.53e-15 8.89e-16   0.002    0.21
P03197  39.367 -25.798 3.90e-17 2.99e-17 2.17e-17  -0.000    0.59
P02009  39.298 -24.999 1.03e-14 5.64e-15 2.63e-15   0.001    0.42
P03565  39.400 -25.275 7.33e-16 3.77e-16 2.22e-16  -0.000    0.49
P04766  39.385 -26.594 1.33e-16 1.01e-16 5.31e-17   0.002    0.79
P03533  39.510 -24.619 9.52e-15 4.59e-15 2.10e-15   0.001    0.22
P03971  39.498 -25.504 6.18e-15 3.19e-15 1.17e-15   0.001    0.53
P03010  39.689 -25.799 1.94e-13 9.25e-14 4.59e-14   0.001    0.67
P02020  39.695 -29.153 1.07e-13 6.55e-14 2.80e-14   0.002    0.97
P03429  39.639 -29.059 8.98e-17 6.39e-17 3.97e-17   0.003    0.92
P04452  39.668 -25.261 2.03e-16 1.64e-16 8.47e-17   0.003    0.49
P00477  39.696 -29.534 1.34e-13 7.13e-14 2.93e-14   0.000    1.00
P03800  39.718 -25.219 1.65e-16 1.07e-16 6.87e-17   0.000    0.40
P00638  39.799 -25.109 2.02e-13 2.38e-13 2.05e-13  -0.001    0.38
P03008  39.829 -29.787 7.50e-16 4.52e-16 2.95e-16  -0.002    0.97
P00213  39.938 -25.819 2.81e-16 2.14e-16 1.12e-16   0.001    0.57
P02809  39.966 -22.652 6.35e-15 3.77e-15 1.57e-15  -0.000    0.02
P03522  40.194 -24.384 3.19e-16 2.45e-16 1.33e-16   0.002    0.28
P00963  40.162 -22.474 1.71e-13 7.73e-14 3.69e-14   0.001   -0.01
P01041  40.246 -28.107 1.33e-16 8.67e-17 5.26e-17   0.000    0.86
P00499  40.386 -25.250 6.11e-17 4.95e-17 3.13e-17  -0.001    0.43
P03531  40.460 -24.540 1.75e-14 7.51e-15 3.78e-15   0.001    0.29
P01026  40.645 -25.788 8.95e-16 5.03e-16 2.88e-16   0.002    0.55
P00967  40.759 -23.773 3.88e-16 2.41e-16 1.28e-16   0.001    0.15
P03881  40.794 -25.346 5.17e-15 2.99e-15 1.48e-15   0.001    0.37
P00938  40.688 -29.136 9.93e-17 8.19e-17 5.38e-17   0.001    0.89
P04526  41.001 -25.328 1.47e-15 5.98e-16 3.32e-16   0.003    0.44
P02169  41.177 -28.892 1.75e-16 1.18e-16 8.19e-17   0.001    0.83
P00032  41.876 -23.956 2.07e-16 1.35e-16 7.08e-17   0.000    0.18
P04934  41.846 -23.850 1.31e-16 8.91e-17 4.93e-17   0.000    0.25
P03493  44.093 -26.618 6.58e-17 5.01e-17 3.29e-17   0.003    0.41
