name x y flux0 flux1 flux2 width rv
F00564 -27.528  37.485 7.72e-17 5.37e-17 3.60e-17 34.34 1177.46
F00570 -27.506  37.680 6.02e-17 4.05e-17 2.91e-17 30.06 1177.72
F00557 -27.419  37.636 3.56e-17 2.48e-17 1.73e-17 35.36 1177.60
F00572 -27.329  37.307 6.86e-17 4.58e-17 3.25e-17 29.11 1177.57
F00562 -27.299  37.300 2.40e-17 1.66e-17 1.19e-17 31.00 1177.71
F00551 -27.298  37.651 7.40e-17 5.13e-17 3.80e-17 27.09 1177.56
F00554 -27.212  37.381 4.38e-17 3.44e-17 2.06e-17 29.87 1177.62
F00552 -27.197  37.389 4.79e-17 3.09e-17 2.26e-17 19.35 1177.69
F00553 -27.196  37.513 3.38e-17 2.45e-17 1.55e-17 32.58 1177.56
F00573 -27.193  37.245 4.81e-17 3.36e-17 2.21e-17 19.62 1177.73
F00566 -27.174  37.520 2.87e-17 1.88e-17 1.31e-17 35.49 1177.63
F00560 -27.173  37.374 6.69e-17 4.40e-17 3.40e-17 28.58 1177.70
F00571 -27.168  37.320 7.36e-17 4.97e-17 3.60e-17 30.75 1177.70
F00555 -27.162  37.377 6.10e-17 4.47e-17 3.02e-17 30.56 1177.65
F00568 -27.161  37.381 8.58e-17 5.95e-17 3.76e-17 35.30 1177.56
F00559 -27.120  37.461 6.66e-17 5.11e-17 3.30e-17 26.35 1177.55
F00561 -27.106  37.157 4.34e-17 3.38e-17 2.27e-17 26.11 1177.59
F00567 -27.104  37.455 3.52e-17 2.55e-17 1.61e-17 33.31 1177.59
F00563 -27.093  37.397 5.43e-17 3.64e-17 2.43e-17 22.81 1177.68
F00565 -27.059  37.304 9.89e-17 6.62e-17 4.89e-17 31.81 1177.58
F00556 -27.038  37.179 4.13e-17 2.97e-17 1.98e-17 28.42 1177.61
F00574 -27.022  37.325 8.38e-17 6.20e-17 4.03e-17 29.12 1177.60
F00558 -26.987  37.516 3.59e-17 2.72e-17 1.63e-17 31.85 1177.60
F04837 -21.475  32.026 3.84e-17 2.47e-17 1.89e-17 42.27  765.29
F04835 -21.283  32.845 1.60e-16 1.01e-16 7.12e-17 42.04  765.51
F04853 -21.260  32.869 8.78e-17 6.31e-17 4.28e-17 58.88  765.26
F04851 -21.227  33.092 1.76e-16 1.24e-16 9.28e-17 47.88  765.30
F04841 -21.183  32.792 7.90e-17 5.83e-17 3.82e-17 55.45  765.31
F04852 -21.181  32.957 9.18e-17 6.30e-17 4.58e-17 51.68  765.48
F04839 -21.172  32.656 9.73e-17 7.51e-17 4.76e-17 45.06  765.31
F04847 -21.169  32.826 7.33e-17 5.52e-17 3.70e-17 35.59  765.39
F04854 -21.160  32.870 6.44e-17 4.63e-17 3.25e-17 40.58  765.42
F04850 -21.118  32.814 1.04e-16 7.03e-17 5.43e-17 41.25  765.33
F04845 -21.114  32.779 1.04e-16 7.10e-17 4.73e-17 48.55  765.42
F04846 -21.104  32.760 2.10e-16 1.44e-16 1.01e-16 43.45  765.22
F04848 -21.098  32.807 8.14e-17 6.63e-17 3.85e-17 49.04  765.27
F04830 -21.096  32.760 1.78e-16 1.36e-16 8.34e-17 31.80  765.18
F04836 -21.088  32.801 7.65e-17 5.48e-17 3.55e-17 48.00  765.46
F04844 -21.072  32.814 6.69e-17 4.80e-17 2.75e-17 45.68  765.45
F04834 -21.052  32.718 1.56e-16 1.22e-16 7.87e-17 40.02  765.37
F04849 -21.035  32.061 7.33e-17 5.65e-17 3.25e-17 47.39  765.30
F04840 -21.012  32.730 1.22e-16 8.73e-17 5.86e-17 42.41  765.36
F04842 -20.969  32.424 1.78e-16 1.25e-16 8.55e-17 54.26  765.43
F04838 -20.968  32.757 2.39e-16 1.77e-16 1.25e-16 32.98  765.28
F04832 -20.964  32.916 1.15e-16 7.86e-17 5.31e-17 34.83  765.56
F04843 -20.951  32.830 9.61e-17 7.71e-17 4.75e-17 45.32  765.38
F04833 -20.877  32.344 3.01e-17 2.22e-17 1.47e-17 36.07  765.39
F04831 -20.836  32.461 7.63e-17 4.92e-17 3.76e-17 48.03  765.39
F05215 -20.035  44.643 2.49e-17 1.81e-17 1.17e-17 17.99 1927.96
F05195 -19.834  44.634 2.22e-17 1.45e-17 9.23e-18 17.90 1928.02
F05193 -19.786  44.804 2.35e-17 1.70e-17 1.20e-17 17.16 1928.09
F05198 -19.773  44.802 3.45e-17 2.53e-17 1.80e-17 15.19 1927.98
F05192 -19.762  44.855 3.44e-17 2.48e-17 1.76e-17 19.00 1927.88
F05204 -19.723  44.836 2.04e-17 1.31e-17 9.25e-18 18.46 1928.11
F05189 -19.705  44.714 1.91e-17 1.34e-17 9.74e-18 11.42 1927.97
F05211 -19.677  44.818 1.40e-17 1.03e-17 7.24e-18 19.40 1927.97
F05207 -19.673  44.854 3.90e-17 2.93e-17 1.87e-17 18.04 1927.94
F05199 -19.649  44.693 1.64e-17 1.16e-17 8.20e-18 14.45 1927.94
F05214 -19.644  44.821 1.68e-17 1.18e-17 8.15e-18 16.75 1927.91
F05191 -19.642  44.882 2.14e-17 1.51e-17 9.74e-18 20.80 1928.16
F05203 -19.578  44.487 2.09e-17 1.31e-17 1.04e-17 14.48 1927.85
F05201 -19.526  44.797 1.60e-17 1.01e-17 7.02e-18 18.63 1927.94
F05194 -19.478  44.810 2.49e-17 1.88e-17 1.29e-17 21.13 1927.91
F00443 -17.574  40.721 1.72e-17 1.21e-17 7.73e-18 14.64 2268.73
F00430 -17.273  40.731 1.29e-17 1.00e-17 6.26e-18 15.84 2268.82
F00456 -17.230  40.837 2.22e-17 1.46e-17 9.80e-18 17.61 2268.69
F00452 -17.225  40.718 1.79e-17 1.41e-17 8.74e-18 12.70 2268.67
F00433 -17.218  40.700 1.71e-17 1.12e-17 7.67e-18 14.40 2268.71
F00438 -17.198  40.763 1.90e-17 1.29e-17 9.55e-18 15.42 2268.84
F00442 -17.174  40.783 1.57e-17 1.20e-17 8.02e-18 17.62 2268.77
