name x y flux0 flux1 flux2 width rv
F00162  32.992  15.673 2.82e-15 1.72e-15 1.03e-15 241.78  158.25
F00182  33.005  15.671 1.86e-15 1.52e-15 9.62e-16 220.04  158.21
F00181  33.502  17.018 3.46e-15 3.00e-15 1.46e-15 249.72  158.20
F00174  34.055  15.684 2.26e-15 1.33e-15 9.16e-16 237.41  158.02
F00170  34.060  15.859 3.83e-15 2.46e-15 1.61e-15 226.31  158.25
F00159  34.195  15.357 1.95e-15 1.52e-15 8.04e-16 198.67  158.34
F00175  34.207  15.684 2.66e-15 1.40e-15 1.27e-15 267.99  158.16
F00179  34.316  16.135 3.30e-15 2.05e-15 1.56e-15 163.76  158.15
F00173  34.490  15.927 3.53e-15 2.52e-15 1.79e-15 193.57  158.31
F00164  34.520  16.829 3.20e-15 2.89e-15 1.71e-15 220.46  158.09
F00176  34.574  16.991 6.77e-16 4.82e-16 3.13e-16 197.60  158.30
F00178  34.600  15.055 4.23e-15 2.58e-15 2.17e-15 220.86  158.19
F00172  34.683  16.558 1.66e-15 1.53e-15 9.45e-16 269.45  158.09
F00180  34.683  16.287 2.60e-15 1.62e-15 1.28e-15 252.37  158.24
F00163  34.712  15.318 2.06e-15 1.71e-15 1.05e-15 246.95  158.17
F00160  34.806  17.474 2.45e-15 1.75e-15 1.32e-15 263.94  158.13
F00171  34.873  17.907 3.06e-15 2.56e-15 1.63e-15 237.23  157.99
F00183  35.452  15.260 1.92e-15 1.25e-15 9.37e-16 231.19  158.14
F00161  35.616  16.269 8.27e-16 5.76e-16 4.14e-16 243.55  158.10
F00168  35.744  18.617 2.67e-15 1.97e-15 1.19e-15 199.12  157.87
F00169  37.545  17.484 1.56e-15 1.22e-15 7.30e-16 209.74  157.64
F01744  38.704  20.485 1.42e-17 1.36e-17 7.60e-18 15.09 2200.14
F01749  38.745  20.470 1.86e-17 1.17e-17 7.27e-18 14.28 2200.28
F01746  38.751  20.414 3.09e-17 2.26e-17 1.31e-17 13.05 2200.04
F01726  38.782  20.324 1.64e-17 1.24e-17 8.30e-18 15.66 2200.10
F01730  38.804  20.380 1.78e-17 1.28e-17 6.49e-18 14.86 2200.03
F01740  38.809  20.282 1.69e-17 1.13e-17 8.26e-18 16.35 2200.10
F01751  38.810  20.470 1.90e-17 1.42e-17 8.62e-18 11.71 2200.23
F01742  38.821  20.438 1.73e-17 1.49e-17 9.84e-18 16.89 2200.19
F01729  38.832  20.409 2.62e-17 1.83e-17 1.01e-17 15.36 2200.18
F01728  38.928  20.536 1.54e-17 1.01e-17 9.28e-18 14.48 2200.15
F06617  39.541  26.870 1.81e-17 1.16e-17 8.54e-18 16.76 2005.61
F06618  39.554  26.853 2.56e-17 1.51e-17 1.18e-17 18.44 2005.36
F06612  39.567  26.754 2.18e-17 1.94e-17 1.01e-17 18.16 2005.51
F06613  39.600  26.956 2.16e-17 1.57e-17 1.11e-17 25.16 2005.58
F06637  39.626  26.874 1.82e-17 1.22e-17 7.59e-18 17.35 2005.67
F06633  39.657  26.895 1.29e-17 1.11e-17 5.43e-18 16.38 2005.66
F06629  39.657  26.859 2.10e-17 1.48e-17 1.12e-17 17.19 2005.48
F06624  39.659  26.823 1.89e-17 1.19e-17 8.11e-18 18.18 2005.53
F06635  39.662  26.890 1.79e-17 1.27e-17 7.77e-18 22.22 2005.30
F06630  39.664  26.893 1.36e-17 1.07e-17 8.60e-18 12.72 2005.70
F06628  39.674  26.903 3.23e-17 2.19e-17 1.35e-17 18.99 2005.49
F06634  39.689  27.502 2.75e-17 1.92e-17 1.13e-17 19.01 2005.49
F06616  39.691  26.896 2.15e-17 1.85e-17 1.36e-17 17.81 2005.57
F06625  39.693  27.014 1.54e-17 1.25e-17 7.82e-18 16.55 2005.50
F06608  39.710  26.854 2.09e-17 1.29e-17 9.70e-18 18.97 2005.55
F06615  39.720  26.861 1.81e-17 1.05e-17 8.19e-18 18.51 2005.40
F06610  39.752  26.957 2.65e-17 1.64e-17 1.05e-17 20.74 2005.56
F06611  39.763  26.946 1.45e-17 1.16e-17 7.03e-18 18.79 2005.55
F06621  39.838  27.063 2.24e-17 1.88e-17 1.34e-17 15.81 2005.51
F02079  41.207  22.391 6.57e-17 5.39e-17 4.05e-17 72.03  535.74
F02102  41.333  22.805 1.39e-16 9.94e-17 6.18e-17 65.47  535.55
F02083  41.520  22.707 1.49e-16 1.20e-16 1.04e-16 65.58  535.78
F02099  41.531  22.596 3.68e-16 2.59e-16 1.96e-16 51.07  535.85
F02076  41.532  22.744 1.12e-16 8.27e-17 4.65e-17 67.03  535.63
F02103  41.558  22.857 3.94e-16 2.57e-16 1.84e-16 68.70  535.78
F02089  41.605  22.749 2.20e-16 1.68e-16 8.45e-17 60.47  535.80
F02096  41.619  22.779 4.40e-16 2.87e-16 2.15e-16 58.10  535.83
F02092  41.630  23.022 2.51e-16 1.84e-16 1.80e-16 53.22  535.82
F02075  41.643  22.714 3.38e-16 2.65e-16 1.94e-16 64.45  535.57
F02098  41.645  22.798 2.23e-16 1.97e-16 1.28e-16 55.48  535.81
F02090  41.647  22.789 3.65e-16 2.87e-16 1.52e-16 47.34  535.76
F02085  41.647  22.792 1.87e-16 1.05e-16 7.09e-17 57.55  535.71
F02100  41.647  22.791 3.07e-16 2.24e-16 1.49e-16 68.85  535.74
F02081  41.648  22.786 2.63e-16 1.73e-16 1.24e-16 50.18  535.58
F02104  41.649  22.370 3.06e-16 2.72e-16 1.57e-16 54.64  535.86
F02101  41.656  22.778 2.59e-16 1.73e-16 1.30e-16 83.63  535.72
F02084  41.657  22.886 3.18e-16 2.30e-16 1.48e-16 76.69  535.82
F02093  41.664  22.950 2.42e-16 1.95e-16 1.26e-16 64.14  535.71
F02078  41.666  22.690 2.19e-16 1.73e-16 1.04e-16 56.38  535.84
F02095  41.682  22.743 2.95e-16 2.40e-16 1.58e-16 64.87  535.77
F02086  41.693  22.824 3.59e-16 2.61e-16 1.80e-16 69.23  535.57
F02091  41.694  22.716 2.80e-16 2.53e-16 1.41e-16 70.71  535.74
F02087  41.694  22.810 1.23e-16 9.72e-17 5.60e-17 68.46  535.63
F02097  41.698  22.770 1.22e-16 8.04e-17 5.37e-17 54.30  535.74
F02094  41.698  22.887 2.02e-16 1.17e-16 9.30e-17 59.09  535.63
F02105  41.772  22.878 1.39e-16 1.04e-16 7.71e-17 54.48  535.68
F02088  41.779  22.742 1.66e-16 1.21e-16 7.09e-17 69.49  535.69
F02077  41.812  22.686 2.54e-16 1.83e-16 1.10e-16 68.17  535.65
F02082  41.842  23.001 2.65e-16 2.11e-16 1.41e-16 67.71  535.77
F02080  41.845  22.893 2.60e-16 1.79e-16 1.47e-16 57.01  535.74
