name x y flux0 flux1 flux2 width rv
F03372  30.192  32.415 2.33e-16 1.58e-16 1.21e-16 53.22  626.26
F03389  30.196  31.167 3.18e-16 2.05e-16 1.43e-16 49.24  626.26
F03384  30.252  31.822 3.11e-16 1.96e-16 1.39e-16 42.68  626.37
F03376  30.290  31.847 7.65e-17 5.78e-17 4.65e-17 45.92  626.04
F03368  30.410  31.880 1.71e-16 1.26e-16 7.78e-17 50.53  626.10
F03365  30.469  31.911 3.43e-16 2.75e-16 1.94e-16 49.95  626.29
F03369  30.475  32.197 9.83e-17 8.45e-17 4.54e-17 71.95  626.29
F03378  30.504  31.896 9.28e-17 7.17e-17 4.77e-17 46.63  626.35
F03374  30.507  32.056 2.13e-16 1.51e-16 9.96e-17 55.04  626.19
F03364  30.528  32.321 6.30e-17 4.55e-17 3.46e-17 49.47  626.32
F03387  30.560  32.047 1.31e-16 9.70e-17 7.47e-17 58.70  626.14
F03382  30.564  32.014 1.94e-16 1.39e-16 9.11e-17 53.03  626.30
F03379  30.575  31.969 1.12e-16 8.74e-17 5.38e-17 47.50  626.31
F03377  30.581  32.074 1.54e-16 1.18e-16 8.03e-17 66.12  626.41
F03381  30.597  32.085 1.84e-16 1.27e-16 9.67e-17 63.94  626.40
F03375  30.615  32.243 2.18e-16 1.52e-16 1.04e-16 49.25  626.36
F03383  30.658  31.909 1.70e-16 1.43e-16 8.16e-17 62.56  626.26
F03366  30.733  31.579 1.03e-16 7.02e-17 4.56e-17 59.65  626.40
F03370  30.855  32.138 2.76e-16 2.04e-16 1.19e-16 48.84  626.31
F03373  30.928  32.920 1.92e-16 1.50e-16 9.32e-17 50.55  626.23
F03380  30.937  32.046 7.52e-17 5.19e-17 3.71e-17 40.52  626.28
F03385  31.027  32.465 1.34e-16 8.85e-17 7.46e-17 48.76  626.14
F03371  31.068  31.974 2.34e-16 1.48e-16 1.07e-16 59.62  626.22
F03367  31.702  32.210 2.54e-16 1.50e-16 1.03e-16 52.02  626.14
