name x y flux1 flux2 flux3 par rv
P01185  30.146 -30.319 1.73e-15 8.20e-16 4.94e-16   0.001    0.48
P03735  30.116 -38.859 2.15e-17 2.10e-17 1.61e-17   0.000    0.14
P01265  30.131 -31.919 5.52e-16 3.08e-16 1.81e-16   0.001    0.33
P04174  30.203 -31.651 1.26e-16 9.87e-17 6.05e-17  -0.001    0.35
P04258  30.155 -31.912 2.10e-16 1.68e-16 8.54e-17   0.000    0.32
P01653  30.226 -32.947 1.06e-17 9.97e-18 8.59e-18   0.001    0.24
P01153  30.326 -30.899 3.03e-13 3.35e-13 2.41e-13   0.001    0.37
P03593  30.290 -30.559 2.70e-16 2.33e-16 9.88e-17   0.001    0.47
P03739  30.340 -31.521 3.13e-17 2.87e-17 2.13e-17   0.002    0.43
P02772  30.285 -31.735 5.84e-17 4.85e-17 3.03e-17   0.002    0.29
P04640  30.353 -31.463 3.24e-15 1.84e-15 7.96e-16   0.001    0.39
P00051  30.391 -33.864 2.70e-13 2.40e-13 2.34e-13   0.002    0.17
P03015  30.382 -34.396 1.27e-13 7.73e-14 2.55e-14   0.001    0.14
P03309  30.353 -30.931 1.20e-17 1.43e-17 1.19e-17   0.001    0.41
P03720  30.420 -31.131 1.70e-15 1.03e-15 4.60e-16   0.001    0.38
P01380  30.316 -31.032 5.42e-15 3.28e-15 1.70e-15   0.003    0.42
P03067  30.480 -32.434 2.63e-15 1.18e-15 6.24e-16   0.001    0.34
P00171  30.455 -31.288 2.68e-16 1.94e-16 1.06e-16   0.000    0.45
P02872  30.514 -32.769 4.01e-16 2.13e-16 1.40e-16  -0.000    0.26
P04555  30.577 -32.493 7.53e-17 6.68e-17 4.13e-17  -0.000    0.24
P00325  30.571 -31.734 6.37e-17 5.44e-17 3.89e-17   0.003    0.31
P05053  30.634 -33.685 4.34e-17 3.64e-17 2.60e-17   0.001    0.22
P03744  30.624 -31.379 7.65e-16 3.88e-16 2.58e-16   0.002    0.39
P00916  30.629 -33.774 2.97e-13 2.88e-13 2.15e-13   0.001    0.17
P01491  30.601 -30.350 1.77e-15 1.29e-15 4.04e-16   0.001    0.41
P01789  30.721 -36.733 1.43e-16 1.01e-16 5.65e-17   0.000    0.11
P01832  30.812 -31.558 1.62e-14 8.26e-15 3.60e-15  -0.001    0.32
P00904  30.943 -31.695 3.25e-15 1.81e-15 6.27e-16   0.002    0.37
P00658  30.789 -32.607 2.47e-16 1.60e-16 9.86e-17   0.001    0.20
P05014  30.856 -30.762 3.01e-13 2.19e-13 1.14e-13   0.002    0.38
P02958  30.857 -31.886 7.32e-15 3.70e-15 1.67e-15   0.001    0.33
P05144  30.933 -31.286 3.78e-15 2.15e-15 9.82e-16   0.002    0.37
P05121  30.962 -31.943 1.07e-15 6.19e-16 3.28e-16  -0.001    0.26
P02422  31.074 -31.716 3.41e-15 1.66e-15 8.02e-16   0.001    0.35
P02456  30.974 -31.619 7.15e-17 6.45e-17 3.93e-17   0.002    0.30
P00706  30.950 -31.722 1.94e-17 2.20e-17 1.49e-17  -0.000    0.37
P02312  31.068 -31.763 1.21e-16 8.31e-17 6.17e-17  -0.000    0.27
P04350  30.945 -31.511 2.50e-15 1.18e-15 6.38e-16   0.001    0.31
P01176  31.041 -30.397 1.87e-15 9.63e-16 5.39e-16   0.001    0.42
P03573  31.166 -31.592 1.55e-16 1.08e-16 7.65e-17   0.001    0.33
P04521  31.173 -33.385 5.93e-16 3.91e-16 2.20e-16   0.001    0.14
P01893  31.070 -34.027 6.29e-17 4.35e-17 2.71e-17   0.003    0.10
P03074  31.178 -31.921 2.59e-16 1.76e-16 1.30e-16   0.002    0.28
P04462  31.056 -31.591 7.97e-16 5.88e-16 2.63e-16   0.001    0.36
P00154  30.985 -30.830 3.45e-15 2.43e-15 9.46e-16   0.002    0.40
P01992  31.106 -31.657 3.88e-17 3.28e-17 2.09e-17   0.000    0.30
P02770  31.238 -35.374 9.56e-16 5.48e-16 2.55e-16   0.000    0.07
P00803  31.053 -31.734 9.45e-17 6.86e-17 4.59e-17  -0.000    0.27
P02419  31.140 -30.973 5.43e-16 3.42e-16 2.09e-16   0.000    0.31
P03227  31.271 -32.049 1.23e-17 8.83e-18 7.40e-18   0.001    0.22
P01179  31.216 -31.877 7.26e-16 4.21e-16 2.45e-16  -0.000    0.28
P00793  31.124 -31.953 3.87e-17 3.32e-17 2.32e-17  -0.000    0.21
P03589  31.259 -31.730 1.23e-13 6.28e-14 2.88e-14   0.003    0.28
P02956  31.169 -31.865 3.16e-15 1.91e-15 7.34e-16   0.001    0.26
P01704  31.216 -31.619 1.35e-15 7.21e-16 4.47e-16   0.003    0.32
P02439  31.261 -31.711 8.30e-17 6.23e-17 3.31e-17   0.002    0.31
P01254  31.151 -31.841 6.55e-17 5.19e-17 3.53e-17   0.001    0.23
P03759  31.391 -31.858 7.04e-16 4.82e-16 2.36e-16   0.001    0.18
P04870  31.328 -33.194 1.98e-16 1.89e-16 9.58e-17   0.001    0.11
P01892  31.329 -32.129 4.82e-16 2.67e-16 1.56e-16   0.002    0.20
P01377  31.276 -33.489 6.29e-15 2.82e-15 1.31e-15  -0.002    0.12
P03421  31.276 -32.179 1.36e-13 7.21e-14 3.40e-14   0.002    0.20
P00503  31.392 -31.872 7.28e-17 6.27e-17 4.11e-17   0.001    0.27
P00622  31.448 -32.452 2.24e-17 2.52e-17 1.50e-17   0.001    0.17
P04040  31.457 -31.953 4.79e-16 3.54e-16 1.94e-16   0.003    0.20
P01213  31.267 -32.041 5.11e-15 3.15e-15 1.42e-15   0.001    0.18
P01651  31.411 -38.731 9.04e-17 5.92e-17 3.99e-17   0.001    0.10
P04570  31.444 -31.146 1.16e-13 6.92e-14 2.65e-14   0.001    0.34
P05094  31.485 -31.143 1.14e-14 4.82e-15 2.72e-15   0.000    0.39
P01641  31.559 -33.077 2.19e-16 1.10e-16 6.53e-17  -0.000    0.15
P01247  31.484 -31.712 2.28e-14 6.83e-15 3.71e-15  -0.001    0.24
P00467  31.481 -31.876 1.14e-15 6.13e-16 3.75e-16   0.001    0.21
P03586  31.526 -32.030 4.27e-17 4.54e-17 2.52e-17   0.001    0.16
P02251  31.660 -31.712 3.93e-15 2.40e-15 9.65e-16   0.000    0.28
P03880  31.582 -31.005 1.18e-16 7.12e-17 4.88e-17   0.001    0.30
P00271  31.665 -33.568 2.74e-17 2.59e-17 1.88e-17   0.001    0.12
P01697  31.570 -31.984 1.30e-16 1.18e-16 6.07e-17  -0.000    0.15
P02499  31.588 -31.756 7.01e-16 3.81e-16 2.15e-16   0.002    0.23
P01204  31.626 -32.963 1.18e-13 6.29e-14 2.55e-14   0.001    0.19
P04762  31.639 -31.603 1.15e-15 6.74e-16 3.77e-16   0.002    0.30
P01172  31.709 -32.260 2.30e-13 1.44e-13 5.33e-14   0.001    0.15
P02226  31.743 -30.794 1.41e-13 2.09e-13 2.39e-13   0.002    0.37
P04420  31.757 -32.119 4.01e-15 2.14e-15 8.03e-16   0.001    0.16
P01796  31.945 -30.973 2.58e-13 2.27e-13 1.95e-13   0.002    0.36
P03264  31.899 -33.369 1.32e-15 8.37e-16 4.36e-16  -0.000    0.08
P02265  32.020 -30.608 1.91e-16 1.45e-16 7.89e-17   0.000    0.33
P04734  31.994 -32.060 1.21e-15 8.13e-16 3.47e-16  -0.001    0.19
P02298  32.041 -32.653 1.48e-13 7.19e-14 4.14e-14   0.002    0.18
P01039  32.140 -32.650 2.45e-13 1.44e-13 5.30e-14   0.000    0.17
P01639  31.935 -32.476 4.92e-16 3.10e-16 1.64e-16   0.000    0.14
P00504  32.271 -33.080 6.26e-16 3.80e-16 2.22e-16   0.001    0.09
P00972  32.303 -30.963 9.50e-16 4.58e-16 2.63e-16   0.000    0.26
P01724  32.155 -31.023 1.37e-17 1.65e-17 1.33e-17   0.002    0.27
P01642  32.213 -31.900 5.78e-15 2.61e-15 1.33e-15   0.001    0.22
P00020  32.491 -30.838 2.67e-15 1.52e-15 8.21e-16   0.001    0.30
P01582  32.420 -32.097 3.19e-16 1.91e-16 1.08e-16   0.000    0.14
P03267  32.471 -31.472 4.62e-17 4.38e-17 2.30e-17   0.002    0.16
P00089  32.514 -31.213 3.38e-16 2.17e-16 1.32e-16   0.002    0.28
P01149  32.648 -31.709 5.33e-17 5.30e-17 2.99e-17   0.001    0.21
P00037  32.641 -32.814 9.73e-16 7.14e-15 2.45e-14   0.001    0.09
P01229  32.794 -34.185 2.87e-15 1.49e-15 6.86e-16   0.003    0.04
P02947  32.820 -32.522 7.14e-16 4.62e-16 2.80e-16   0.002    0.21
P01295  33.120 -30.150 5.18e-15 3.21e-15 1.31e-15   0.003    0.31
P04224  33.081 -30.975 2.62e-13 1.26e-13 6.23e-14  -0.001    0.23
P02307  33.143 -31.153 8.17e-16 5.34e-16 2.47e-16   0.000    0.26
P02722  33.248 -38.037 1.39e-17 1.50e-17 1.19e-17   0.002    0.03
P04445  33.207 -34.715 5.37e-16 3.22e-16 1.67e-16   0.000    0.06
P03412  33.345 -38.989 2.12e-15 1.58e-15 6.83e-16   0.000    0.04
P01699  33.330 -33.434 5.42e-15 2.40e-15 1.28e-15   0.002    0.12
P02989  33.512 -35.654 1.54e-16 1.44e-16 8.45e-17   0.001    0.04
P04151  33.658 -31.200 1.26e-15 6.96e-16 3.62e-16   0.000    0.23
P03519  33.964 -33.574 1.57e-15 8.62e-16 4.13e-16   0.001    0.09
P02953  33.936 -33.025 1.27e-15 7.36e-16 3.99e-16   0.001    0.14
P04141  34.038 -30.654 1.47e-17 1.58e-17 1.13e-17   0.000    0.30
P01424  34.217 -31.962 6.10e-16 2.84e-16 1.89e-16   0.001    0.19
P01138  34.313 -32.182 3.71e-13 2.51e-13 1.65e-13   0.000    0.16
P02849  34.328 -34.644 3.63e-16 2.29e-16 1.37e-16   0.001    0.07
P04242  34.574 -33.622 3.12e-17 3.39e-17 2.04e-17  -0.001    0.11
P00181  34.669 -31.435 1.43e-14 7.78e-15 3.21e-15   0.002    0.18
P01781  34.629 -35.605 1.28e-13 6.86e-14 3.66e-14   0.003   -0.00
P00491  34.680 -38.365 1.09e-17 1.06e-17 8.61e-18   0.000    0.05
P02008  34.831 -35.878 5.09e-16 3.14e-16 1.48e-16   0.002   -0.01
P00642  34.982 -31.851 1.84e-14 9.94e-15 3.77e-15   0.002    0.16
P04268  35.232 -32.243 6.89e-17 4.36e-17 3.34e-17   0.001    0.16
P00179  35.279 -33.666 4.19e-17 3.43e-17 2.39e-17   0.001    0.10
P00889  35.140 -35.446 1.93e-17 1.70e-17 1.52e-17   0.000    0.03
P05056  35.480 -33.498 4.64e-16 3.10e-16 1.61e-16   0.000    0.15
P04794  36.006 -35.746 1.73e-16 9.55e-17 5.76e-17   0.000    0.06
P00475  36.239 -35.896 8.23e-17 5.43e-17 4.02e-17   0.000    0.03
P03369  36.379 -36.203 5.78e-17 4.85e-17 2.96e-17   0.001    0.03
P03727  36.908 -33.293 1.78e-15 1.08e-15 5.56e-16   0.000    0.11
P02173  36.823 -31.337 1.80e-13 7.95e-14 3.61e-14   0.001    0.16
P04793  37.265 -35.378 2.82e-17 2.52e-17 1.66e-17   0.001    0.07
P02503  37.521 -31.379 1.12e-15 6.16e-16 2.81e-16   0.001    0.23
P00628  38.085 -30.770 1.17e-16 8.07e-17 5.47e-17   0.004    0.96
P01896  39.099 -35.634 9.62e-15 5.50e-15 2.35e-15   0.001    0.09
P04972  39.940 -38.784 2.10e-17 1.63e-17 1.58e-17  -0.000    0.05
P00399  40.079 -30.403 2.32e-15 1.38e-15 6.05e-16   0.002    1.01
P02296  40.311 -33.461 1.35e-15 7.28e-16 3.42e-16   0.000    0.22
P01835  40.408 -32.291 2.19e-17 2.01e-17 1.36e-17   0.002    0.99
P03712  40.847 -36.418 3.70e-13 2.41e-13 1.54e-13   0.002    0.06
P04052  42.040 -30.997 5.61e-16 3.00e-16 1.54e-16   0.002    0.17
P01814  41.988 -33.410 2.77e-17 2.30e-17 1.59e-17   0.002    0.95
P03985  43.728 -31.432 4.25e-15 1.82e-15 1.04e-15  -0.000    0.81
P00633  43.945 -30.080 4.13e-17 3.26e-17 2.05e-17   0.001    0.67
