name x y flux0 flux1 flux2 width rv
F01047 -44.774  22.644 2.94e-17 2.37e-17 1.46e-17 24.03 1562.67
F01066 -44.599  23.049 2.26e-17 2.08e-17 1.23e-17 20.62 1562.83
F01064 -44.593  23.682 2.12e-17 1.83e-17 1.13e-17 22.55 1562.89
F01075 -44.571  23.400 1.89e-17 1.46e-17 8.23e-18 16.25 1562.89
F01046 -44.478  23.435 3.63e-17 2.33e-17 1.85e-17 24.47 1562.70
F01051 -44.423  23.277 2.87e-17 1.91e-17 1.22e-17 20.77 1562.90
F01056 -44.421  23.316 2.63e-17 1.56e-17 1.30e-17 24.68 1562.67
F01061 -44.370  23.470 4.34e-17 2.68e-17 1.78e-17 20.74 1562.72
F01042 -44.348  23.393 4.52e-17 2.74e-17 1.82e-17 26.41 1562.83
F01063 -44.347  23.238 4.30e-17 2.46e-17 2.19e-17 23.45 1562.81
F01044 -44.337  23.296 3.01e-17 1.75e-17 1.48e-17 22.01 1562.71
F01072 -44.334  23.382 3.05e-17 1.71e-17 1.43e-17 25.67 1562.77
F01058 -44.318  23.419 3.03e-17 1.93e-17 1.22e-17 26.15 1562.84
F01068 -44.285  23.272 3.66e-17 2.50e-17 1.66e-17 18.99 1562.86
F01043 -44.285  23.285 1.78e-17 1.17e-17 8.73e-18 20.06 1563.04
F01057 -44.272  23.283 4.45e-17 2.82e-17 2.04e-17 22.21 1563.04
F01073 -44.261  23.295 4.59e-17 2.92e-17 1.98e-17 23.31 1562.91
F01060 -44.258  23.294 1.98e-17 1.65e-17 1.09e-17 20.22 1562.79
F01065 -44.251  23.131 3.35e-17 2.43e-17 1.82e-17 25.40 1562.87
F01048 -44.250  23.046 2.78e-17 2.18e-17 1.59e-17 26.54 1562.86
F01059 -44.249  23.256 4.62e-17 3.18e-17 2.03e-17 17.35 1562.89
F01070 -44.235  23.343 2.59e-17 1.76e-17 1.19e-17 24.35 1562.76
F01050 -44.195  23.426 3.80e-17 2.69e-17 1.78e-17 22.26 1562.93
F01053 -44.057  23.190 4.01e-17 2.95e-17 1.97e-17 19.66 1562.95
F01052 -44.048  23.383 4.76e-17 3.58e-17 2.20e-17 27.00 1562.79
F01074 -44.041  23.521 1.24e-17 1.05e-17 5.97e-18 16.13 1562.57
F01062 -44.030  23.930 2.49e-17 1.55e-17 1.04e-17 19.66 1562.64
F01067 -44.019  23.371 4.85e-17 3.45e-17 2.37e-17 24.19 1562.82
F01069 -43.391  22.957 1.82e-17 1.17e-17 7.01e-18 13.70 1562.72
