name x y flux1 flux2 flux3 par rv
P00493 -43.044  22.477 2.16e-09 1.26e-09 6.08e-10   0.097    0.09
P03250 -42.739  28.285 3.12e-12 4.10e-12 4.03e-12   0.004   -0.35
P02233 -42.479  25.924 1.70e-15 1.23e-15 7.88e-16   0.005   -0.36
P00027 -42.185  29.728 9.90e-17 1.12e-16 1.08e-16   0.005   -0.47
P04324 -40.541  22.049 3.71e-15 2.55e-15 1.34e-15   0.003    0.04
P01921 -40.308  28.732 6.55e-16 6.27e-16 4.71e-16   0.006   -0.54
P04409 -40.340  27.151 4.53e-12 2.63e-12 1.36e-12   0.004   -0.39
P04641 -39.701  28.027 9.36e-14 4.68e-14 2.05e-14   0.004   -0.54
P02117 -38.379  25.846 4.83e-15 3.28e-15 1.91e-15   0.006   -0.59
P02970 -38.101  25.844 6.76e-16 6.30e-16 3.82e-16   0.003   -0.44
P00609 -38.008  28.352 6.14e-12 3.54e-12 1.97e-12   0.003   -0.59
P03526 -37.813  27.440 8.77e-14 4.64e-14 2.18e-14   0.007   -0.53
P01171 -36.896  29.852 4.13e-14 2.40e-14 1.22e-14   0.006   -0.57
P00133 -36.740  25.091 1.41e-13 6.94e-14 3.25e-14   0.004   -0.41
P03434 -36.644  29.335 4.49e-16 4.00e-16 2.89e-16   0.004   -0.64
P04717 -36.352  23.642 9.99e-17 1.12e-16 8.88e-17   0.004   -0.28
P04034 -36.095  26.093 1.84e-12 3.20e-12 3.62e-12   0.005   -0.60
P03090 -34.999  21.756 2.03e-14 1.16e-14 6.08e-15   0.003   -0.36
P03454 -34.723  26.562 6.61e-16 5.75e-16 3.81e-16   0.006   -0.70
P04924 -34.351  21.746 5.59e-17 6.41e-17 5.60e-17   0.004   -0.38
P04189 -33.510  27.512 3.80e-15 3.02e-15 1.59e-15   0.004   -0.67
P02371 -33.329  21.859 2.82e-15 1.83e-15 1.10e-15   0.004   -0.45
P00320 -32.883  26.190 1.07e-15 8.45e-16 5.74e-16   0.004   -0.78
P00548 -32.641  27.146 3.55e-16 3.48e-16 2.58e-16   0.005   -0.72
P02030 -32.046  23.274 1.06e-14 7.05e-15 3.37e-15   0.004   -0.66
P03003 -31.440  28.418 1.44e-15 1.16e-15 7.86e-16   0.004   -0.67
P03057 -31.101  24.248 2.45e-15 1.84e-15 1.11e-15   0.003   -0.76
