name x y flux0 flux1 flux2 width rv
F00284 -42.095   2.943 1.62e-16 1.12e-16 6.25e-17 37.03  866.49
F00283 -41.971   2.604 9.06e-17 6.69e-17 4.98e-17 40.85  866.51
F00288 -41.676   2.562 9.44e-17 5.35e-17 5.39e-17 47.82  866.67
F00302 -41.629   2.805 9.76e-17 5.95e-17 4.44e-17 57.86  866.80
F00294 -41.592   2.305 1.37e-16 8.36e-17 5.54e-17 47.69  866.55
F00311 -41.590   2.535 1.59e-16 8.94e-17 6.93e-17 40.96  866.72
F00282 -41.557   2.622 1.13e-16 8.49e-17 6.60e-17 56.20  866.61
F00301 -41.554   2.097 7.82e-17 5.26e-17 4.19e-17 43.92  866.61
F00292 -41.512   2.529 1.23e-16 9.81e-17 7.29e-17 39.00  866.94
F00287 -41.510   2.553 1.13e-16 6.60e-17 4.29e-17 49.23  866.67
F00295 -41.501   2.528 9.25e-17 6.45e-17 4.27e-17 37.20  866.67
F00300 -41.490   2.635 7.22e-17 5.63e-17 3.50e-17 36.81  866.52
F00298 -41.490   2.166 1.07e-16 7.98e-17 5.63e-17 32.97  866.66
F00310 -41.476   2.510 1.01e-16 8.82e-17 4.13e-17 37.37  866.55
F00304 -41.474   2.493 1.34e-16 1.00e-16 5.40e-17 43.83  866.78
F00299 -41.470   2.555 8.56e-17 6.78e-17 5.02e-17 37.91  866.63
F00297 -41.469   2.519 8.38e-17 5.09e-17 4.54e-17 37.11  866.65
F00308 -41.468   2.534 1.16e-16 1.02e-16 6.52e-17 41.36  866.66
F00293 -41.460   2.543 7.50e-17 4.88e-17 4.13e-17 30.88  866.63
F00309 -41.459   2.540 1.33e-16 8.31e-17 5.03e-17 41.88  866.77
F00291 -41.455   2.532 1.10e-16 7.34e-17 5.41e-17 43.98  866.73
F00312 -41.454   2.508 8.51e-17 6.20e-17 4.27e-17 35.91  866.39
F00296 -41.453   2.919 2.14e-17 1.90e-17 1.08e-17 30.26  866.51
F00303 -41.441   2.654 8.26e-17 5.55e-17 4.21e-17 42.77  866.50
F00307 -41.387   2.732 1.00e-16 6.84e-17 4.95e-17 32.39  866.68
F00285 -41.349   2.433 6.24e-17 4.21e-17 3.65e-17 47.56  866.64
F00305 -41.336   2.420 8.40e-17 8.18e-17 5.59e-17 41.16  866.73
F00286 -41.252   2.480 9.12e-17 6.06e-17 4.28e-17 44.18  866.54
F00289 -41.157   2.410 1.17e-16 1.00e-16 6.13e-17 47.94  866.56
F00306 -41.011   2.099 3.82e-17 2.83e-17 1.53e-17 42.57  866.46
F00290 -41.008   2.417 1.31e-16 6.97e-17 6.26e-17 32.37  866.69
