name x y flux0 flux1 flux2 width rv
F05012 -16.737   5.437 1.33e-17 1.02e-17 6.88e-18 14.01 2153.29
F05002 -16.486   5.463 1.14e-17 1.09e-17 6.50e-18 10.67 2153.59
F05021 -16.461   5.425 1.75e-17 1.29e-17 8.99e-18 13.95 2153.63
F05008 -16.393   5.503 2.16e-17 1.53e-17 1.08e-17 12.89 2153.56
F04995 -16.374   5.357 1.42e-17 1.05e-17 7.31e-18 16.72 2153.54
F04999 -16.363   5.450 2.06e-17 1.79e-17 9.22e-18 17.42 2153.38
F04998 -16.361   5.431 2.61e-17 1.62e-17 1.22e-17 16.36 2153.43
F05011 -16.354   5.455 1.75e-17 1.41e-17 9.69e-18 15.28 2153.49
F05010 -16.349   5.479 1.34e-17 1.06e-17 7.13e-18 21.17 2153.45
F04994 -16.328   5.485 1.60e-17 1.04e-17 7.35e-18 16.48 2153.38
F05016 -16.319   5.587 2.13e-17 1.09e-17 7.16e-18 16.15 2153.46
F05006 -16.311   5.430 2.26e-17 1.53e-17 1.00e-17 14.18 2153.82
F05007 -16.103   5.488 1.88e-17 1.22e-17 7.47e-18 12.78 2153.39
