name x y flux1 flux2 flux3 par rv
P04533 -24.220  11.375 4.80e-15 2.40e-15 1.01e-15  -0.000    1.72
P02385 -23.738  13.641 4.25e-14 1.97e-14 8.49e-15   0.001    1.57
P00560 -23.729  11.241 2.40e-17 1.77e-17 1.07e-17   0.002    1.68
P03768 -23.717  12.069 1.13e-13 9.26e-14 5.64e-14   0.000    1.73
P00913 -23.544  11.474 5.51e-15 2.61e-15 1.13e-15  -0.000    1.75
P02375 -22.480  11.631 1.97e-16 1.29e-16 6.94e-17   0.001    1.68
P03688 -22.531  13.250 4.19e-17 3.12e-17 1.86e-17  -0.000    1.49
P02056 -22.377  12.313 4.63e-15 2.35e-15 1.03e-15   0.002    1.68
P01736 -22.403  12.467 8.06e-16 4.79e-16 2.10e-16  -0.000    1.65
P01474 -22.230  11.630 1.84e-16 1.19e-16 5.71e-17   0.003    1.65
P03592 -22.049  10.536 1.39e-17 1.29e-17 8.48e-18  -0.001    1.48
P03700 -21.790  10.204 7.05e-17 5.07e-17 3.21e-17   0.000    1.26
P02620 -21.843  11.049 1.55e-16 1.06e-16 5.51e-17   0.001    1.62
P00839 -21.638  10.948 1.88e-17 1.67e-17 1.01e-17   0.001    1.45
P03153 -21.530  11.620 1.17e-15 7.73e-16 3.32e-16   0.001    1.60
P01154 -21.501  11.414 8.81e-14 5.08e-14 2.62e-14   0.000    1.58
P01683 -21.529  11.473 3.63e-17 2.87e-17 1.80e-17   0.002    1.63
P04515 -21.127  12.159 2.30e-16 1.49e-16 7.98e-17   0.002    1.46
P03605 -21.238  10.748 3.89e-15 1.97e-15 9.78e-16  -0.000    1.42
P02799 -21.107  11.388 2.82e-15 1.46e-15 7.37e-16   0.000    1.60
P03867 -21.126  11.583 5.94e-17 4.37e-17 2.70e-17  -0.000    1.45
P02408 -21.108   9.122 3.00e-16 1.91e-16 9.34e-17   0.003    0.84
P04084 -20.795  10.800 1.72e-15 8.48e-16 3.88e-16  -0.000    1.38
P00356 -20.781  11.262 6.65e-16 3.87e-16 1.96e-16   0.000    1.50
P00765 -20.603  13.855 1.67e-15 9.85e-16 4.11e-16  -0.000    0.90
P03405 -20.679  10.768 1.65e-15 8.46e-16 3.55e-16  -0.000    1.35
P04838 -20.600  11.810 1.42e-17 1.26e-17 7.78e-18   0.002    1.40
P00483 -20.694  10.263 1.11e-15 5.71e-16 2.67e-16   0.001    1.10
P04636 -20.771  11.007 1.73e-15 9.71e-16 4.58e-16   0.002    1.49
P02199 -20.713  12.078 6.46e-16 3.44e-16 1.73e-16   0.000    1.33
P02186 -20.662  11.782 1.03e-13 9.38e-14 7.46e-14  -0.001    1.41
P00626 -20.637  11.230 2.26e-17 1.90e-17 1.15e-17   0.002    1.49
P04684 -20.700  12.258 1.12e-16 6.99e-17 4.28e-17   0.000    1.14
P03563 -20.516  10.532 1.21e-15 6.53e-16 3.12e-16   0.001    1.11
P03467 -20.495  13.012 6.44e-17 4.09e-17 2.58e-17  -0.002    1.02
P02078 -20.419  10.551 7.68e-17 5.27e-17 2.95e-17   0.001    1.19
P03542 -20.446  10.919 6.20e-16 3.25e-16 1.75e-16   0.001    1.40
P04923 -20.399  11.033 3.27e-15 1.78e-15 7.76e-16   0.001    1.49
P01643 -20.513  12.041 1.38e-17 1.23e-17 9.09e-18  -0.001    1.24
P02229 -20.420  11.251 7.84e-14 3.93e-14 2.11e-14  -0.002    1.43
P04977 -20.371  11.361 1.53e-15 7.82e-16 3.48e-16   0.002    1.29
P00381 -20.315  11.208 1.17e-16 6.85e-17 4.23e-17   0.001    1.43
P03601 -20.309  10.651 1.52e-16 9.44e-17 5.13e-17   0.000    1.33
P04502 -20.381  11.430 6.08e-16 3.25e-16 1.64e-16   0.001    1.28
P04091 -20.321  12.171 2.39e-17 1.98e-17 1.30e-17   0.000    1.00
P01770 -20.256  11.564 4.18e-17 2.95e-17 1.96e-17   0.001    1.40
P02235 -20.274   9.794 4.76e-16 2.58e-16 1.35e-16   0.000    0.82
P04342 -20.283  10.113 4.67e-14 2.43e-14 1.02e-14  -0.001    0.82
P01209 -20.146  11.188 2.71e-17 1.93e-17 1.27e-17   0.000    1.33
P03449 -20.157  11.557 2.50e-16 1.46e-16 8.55e-17   0.001    1.23
P00991 -20.120  10.896 1.11e-13 6.12e-14 3.87e-14  -0.000    1.38
P02374 -20.263  10.603 1.18e-17 1.20e-17 6.91e-18  -0.000    1.23
P02452 -20.201  10.937 1.07e-13 8.52e-14 6.12e-14  -0.001    1.25
P04546 -20.148  11.485 8.33e-16 4.41e-16 2.20e-16   0.000    1.25
P01366 -20.041  11.243 6.22e-15 2.85e-15 1.48e-15   0.001    1.24
P00394 -20.070  10.812 1.59e-17 1.56e-17 9.37e-18   0.001    1.32
P04662 -19.977  10.746 9.53e-17 6.33e-17 3.75e-17   0.001    1.14
P02730 -20.029  10.194 1.02e-13 5.97e-14 2.68e-14   0.000    0.88
P03050 -19.898  11.327 9.54e-17 6.39e-17 3.53e-17   0.002    1.17
P00836 -19.889  10.784 7.43e-14 4.81e-14 2.47e-14   0.000    1.22
P03280 -19.984  12.478 2.31e-17 1.81e-17 1.26e-17   0.001    0.90
P02341 -19.896  10.976 1.56e-16 1.06e-16 5.62e-17   0.000    1.19
P00920 -19.911  10.928 3.87e-16 2.53e-16 1.21e-16  -0.001    1.20
P03602 -19.866  11.304 4.42e-15 2.29e-15 8.73e-16   0.000    1.22
P00372 -19.811  10.377 8.43e-17 4.74e-17 3.37e-17   0.001    0.84
P00270 -19.824  10.979 6.46e-16 3.92e-16 1.94e-16   0.001    1.21
P03171 -19.780  10.902 1.17e-16 8.15e-17 4.40e-17   0.000    1.16
P00192 -19.829  10.617 1.22e-17 9.44e-18 6.72e-18   0.000    1.02
P03398 -19.819  10.249 7.27e-17 4.78e-17 2.88e-17   0.001    0.69
P04599 -19.719   9.030 1.33e-15 6.62e-16 3.27e-16  -0.001    0.41
P03847 -19.740  10.965 1.04e-13 5.82e-14 3.33e-14   0.001    1.21
P00421 -19.759  11.103 2.32e-15 1.12e-15 5.28e-16   0.001    1.15
P01180 -19.692  10.466 3.32e-17 2.68e-17 1.80e-17   0.001    0.89
P04292 -19.657  12.100 5.28e-14 7.67e-14 6.55e-14   0.001    0.82
P03414 -19.646  11.084 4.79e-17 3.44e-17 2.16e-17  -0.002    0.96
P02155 -19.602  11.023 1.14e-16 7.91e-17 4.15e-17  -0.000    1.13
P01785 -19.607   8.755 1.17e-17 9.33e-18 7.07e-18   0.001    0.33
P01995 -19.697  10.543 1.91e-16 1.21e-16 6.76e-17   0.000    0.96
P01094 -19.688  11.684 7.82e-17 5.20e-17 2.82e-17   0.001    0.81
P02064 -19.617  11.212 7.38e-14 8.00e-14 6.62e-14  -0.002    1.06
P02269 -19.811  11.624 3.05e-16 1.95e-16 1.04e-16  -0.000    0.90
P01886 -19.611   9.928 1.08e-13 9.94e-14 7.42e-14  -0.001    0.52
P01534 -19.581  10.986 2.62e-15 1.28e-15 6.12e-16   0.001    1.10
P01352 -19.621  10.675 1.26e-13 1.04e-13 5.47e-14   0.002    0.96
P02896 -19.627   9.601 1.26e-17 1.12e-17 8.50e-18   0.002    0.46
P02070 -19.570  11.566 1.24e-17 9.92e-18 7.34e-18  -0.002    0.79
P02483 -19.706  10.260 1.01e-16 6.51e-17 3.82e-17   0.002    0.84
P01934 -19.496  10.980 8.14e-14 4.71e-14 2.28e-14   0.002    0.99
P01109 -19.504  10.960 2.76e-17 2.21e-17 1.39e-17   0.001    1.04
P03708 -19.619  10.919 3.04e-15 1.52e-15 6.81e-16   0.000    1.00
P02021 -19.580  10.832 2.85e-16 1.77e-16 9.43e-17   0.000    0.96
P01565 -19.584  10.203 4.88e-16 2.85e-16 1.39e-16  -0.001    0.50
P01005 -19.644  10.670 1.25e-17 1.13e-17 7.71e-18  -0.000    0.84
P03409 -19.543  10.885 7.93e-14 9.55e-14 6.96e-14   0.002    1.00
P02508 -19.526  10.877 1.40e-17 1.17e-17 8.08e-18   0.003    0.94
P01249 -19.438  10.833 4.83e-16 2.65e-16 1.42e-16   0.000    0.95
P02512 -19.444  10.771 2.75e-16 1.68e-16 8.80e-17   0.000    0.87
P00886 -19.464   9.796 8.09e-17 6.00e-17 3.45e-17   0.000    0.37
P03876 -19.483  10.852 1.99e-17 1.55e-17 1.06e-17   0.001    0.91
P00809 -19.499  11.010 1.17e-13 7.86e-14 4.44e-14   0.001    0.97
P02605 -19.417  10.608 1.08e-13 1.09e-13 6.87e-14   0.000    0.82
P00025 -19.505  11.316 2.28e-17 1.87e-17 1.21e-17   0.001    0.66
P00482 -19.549  10.702 9.50e-17 7.50e-17 3.91e-17   0.001    0.87
P02481 -19.366  10.223 2.87e-15 1.39e-15 6.45e-16   0.001    0.49
P04492 -19.428  11.021 6.79e-16 3.93e-16 1.75e-16   0.001    0.89
P02041 -19.397  11.177 3.96e-17 2.76e-17 1.68e-17   0.003    0.75
P05004 -19.328  10.742 5.99e-17 4.43e-17 2.66e-17  -0.001    0.88
P02293 -19.430  10.778 2.40e-15 1.24e-15 5.35e-16   0.001    0.78
P03921 -19.503  11.155 8.28e-17 7.18e-17 3.73e-17  -0.000    0.78
P04711 -19.403   9.272 6.72e-16 3.60e-16 1.85e-16   0.000    0.32
P01318 -19.482  10.192 3.94e-15 2.05e-15 8.77e-16   0.003    0.43
P03433 -19.473  10.807 9.08e-14 8.95e-14 6.46e-14  -0.000    0.70
P03149 -19.535   9.717 3.31e-16 2.27e-16 9.86e-17  -0.000    0.36
P01701 -19.375  10.404 1.26e-17 1.08e-17 8.19e-18  -0.001    0.53
P02221 -19.410  10.746 5.76e-16 3.63e-16 1.59e-16  -0.000    0.76
P04488 -19.379  11.018 5.68e-17 3.76e-17 2.30e-17  -0.001    0.67
P04960 -19.400  11.579 5.40e-17 4.13e-17 2.21e-17  -0.000    0.59
P02695 -19.382  10.742 1.04e-13 8.51e-14 6.85e-14  -0.000    0.77
P01763 -19.247  11.894 2.33e-16 1.52e-16 7.09e-17   0.000    0.58
P00862 -19.288  11.046 1.05e-17 9.56e-18 6.58e-18  -0.000    0.66
P00114 -19.246  11.011 5.11e-16 2.85e-16 1.41e-16  -0.000    0.82
P02590 -19.380  11.478 1.43e-15 7.90e-16 3.54e-16  -0.000    0.59
P00604 -19.171  10.490 4.96e-17 3.87e-17 2.10e-17   0.000    0.47
P00186 -19.248  10.629 8.31e-17 5.42e-17 3.15e-17  -0.000    0.62
P04738 -19.315  10.793 7.49e-17 5.42e-17 2.97e-17   0.001    0.51
P01148 -19.324   9.686 6.45e-16 3.84e-16 2.11e-16   0.000    0.25
P02880 -19.199  10.909 1.48e-16 1.08e-16 6.22e-17   0.000    0.62
P03665 -19.441   9.402 6.69e-17 4.28e-17 2.45e-17   0.000    0.21
P00573 -19.220  10.653 1.90e-16 1.31e-16 6.65e-17   0.002    0.56
P04607 -19.215   9.931 3.61e-16 2.24e-16 1.14e-16   0.001    0.33
P00693 -19.279  10.664 6.81e-14 3.34e-14 1.58e-14   0.001    0.55
P03637 -19.306  10.598 2.31e-17 1.66e-17 1.11e-17   0.002    0.64
P01107 -19.278  10.587 1.47e-15 8.16e-16 3.90e-16  -0.001    0.68
P00445 -19.291  10.911 6.78e-15 1.95e-14 3.51e-14  -0.000    0.72
P02183 -19.231  10.533 3.78e-17 2.91e-17 1.74e-17   0.001    0.40
P00703 -19.317  10.587 9.69e-14 6.41e-14 2.91e-14   0.001    0.47
P03638 -19.303  10.605 2.96e-16 1.87e-16 9.22e-17   0.001    0.52
P03990 -19.322  10.481 1.07e-13 6.99e-14 3.28e-14   0.002    0.31
P04702 -19.292  10.269 1.38e-16 8.68e-17 5.40e-17   0.001    0.23
P05089 -19.309  11.470 6.55e-16 4.01e-16 1.86e-16   0.001    0.53
P04969 -19.143  10.771 1.58e-16 9.61e-17 5.17e-17   0.001    0.50
P01619 -19.178  10.916 1.87e-15 1.09e-15 4.64e-16  -0.000    0.53
P00912 -19.216  10.847 6.32e-15 2.80e-15 1.21e-15   0.001    0.48
P03333 -19.288  11.089 3.45e-16 2.15e-16 1.07e-16   0.000    0.50
P01979 -19.242  10.677 2.83e-15 1.34e-15 6.29e-16  -0.001    0.44
P02638 -19.193  10.433 7.80e-16 4.25e-16 2.24e-16  -0.001    0.30
P01604 -19.171  10.696 1.59e-17 1.46e-17 9.08e-18  -0.000    0.33
P03757 -19.286  10.825 1.01e-15 5.04e-16 2.85e-16   0.000    0.32
P00775 -19.090  10.674 1.31e-15 6.65e-16 3.52e-16   0.000    0.25
P02694 -19.237  10.536 1.21e-13 9.25e-14 6.01e-14  -0.000    0.27
P01465 -19.173  10.735 2.10e-15 1.00e-15 4.78e-16  -0.000    0.20
P03199 -19.225  10.802 4.75e-16 2.80e-16 1.39e-16   0.000    0.36
P00406 -19.238  10.406 1.74e-14 3.53e-14 5.01e-14   0.002    0.23
P03823 -19.166  10.763 1.03e-17 8.50e-18 6.21e-18  -0.000    0.38
P05118 -19.133  10.809 9.59e-17 6.78e-17 3.92e-17  -0.000    0.23
P01765 -19.194  10.682 4.50e-14 2.02e-14 8.64e-15   0.000    0.13
P00048 -19.287  10.611 3.99e-16 2.33e-16 1.26e-16   0.000    0.24
P04051 -19.150  11.116 5.73e-17 4.00e-17 2.21e-17  -0.000    0.46
P04087 -19.239  10.513 2.50e-15 1.22e-15 6.14e-16   0.000    0.19
P02091 -19.258  10.136 8.05e-16 4.86e-16 2.32e-16   0.001    0.17
P01996 -19.167  10.994 7.07e-17 4.83e-17 2.88e-17   0.001    0.39
P02125 -19.150  10.813 4.55e-14 2.26e-14 1.01e-14   0.000    0.17
P04665 -19.129  10.658 1.17e-16 8.06e-17 4.19e-17   0.002    0.30
P00031 -19.037  10.888 1.67e-16 1.08e-16 5.39e-17   0.001    0.20
P04271 -19.160  10.803 4.92e-16 2.74e-16 1.49e-16  -0.001    0.28
P02584 -19.226  10.970 1.18e-17 9.28e-18 6.62e-18  -0.002    0.26
P01931 -18.997  10.807 1.33e-15 6.88e-16 3.01e-16  -0.000    0.30
P00383 -19.139  10.774 2.01e-15 1.00e-15 4.84e-16   0.001    0.14
P02069 -19.192  10.570 6.45e-17 5.27e-17 2.96e-17  -0.000    0.26
P02996 -19.076  10.607 3.01e-15 1.47e-15 6.71e-16   0.001    0.00
P03126 -19.188  10.665 7.86e-16 4.27e-16 2.13e-16   0.002    0.33
P02588 -19.058  10.411 5.56e-16 3.13e-16 1.54e-16  -0.001    0.07
P01122 -19.187  10.381 2.39e-16 1.42e-16 7.33e-17  -0.001    0.16
P01732 -19.039  11.103 5.01e-15 2.26e-15 9.39e-16   0.002    0.34
P03653 -19.021   9.019 2.11e-16 1.19e-16 6.71e-17   0.000    0.17
P01316 -19.168  10.279 1.19e-16 7.69e-17 4.60e-17   0.001    0.13
P03862 -18.994  10.658 7.25e-17 4.51e-17 2.80e-17  -0.001    0.06
P00570 -19.152  11.173 1.58e-17 1.36e-17 9.24e-18   0.001    0.42
P01563 -19.112  10.760 3.69e-16 2.20e-16 1.11e-16   0.001    0.05
P01173 -19.111  10.657 1.11e-15 5.43e-16 2.59e-16   0.000   -0.01
P02012 -19.071  10.528 1.92e-17 1.61e-17 1.08e-17   0.001   -0.06
P03729 -18.975  10.402 1.14e-15 6.29e-16 2.90e-16  -0.001   -0.06
P01978 -19.007  10.979 4.16e-17 3.47e-17 2.21e-17   0.002    0.31
P01139 -18.926  10.676 2.68e-15 1.51e-15 6.57e-16   0.001    0.08
P00444 -18.956  10.911 3.67e-17 2.70e-17 1.69e-17   0.000   -0.06
P02166 -19.085  10.491 1.15e-13 7.53e-14 4.62e-14   0.002   -0.23
P00978 -19.022  10.917 2.36e-17 1.85e-17 1.23e-17   0.001    0.15
P01711 -18.955  10.439 3.00e-15 1.47e-15 6.72e-16   0.001   -0.10
P03899 -19.041  10.801 2.21e-17 2.12e-17 1.21e-17  -0.000    0.11
P04918 -19.055  11.260 6.68e-17 5.38e-17 3.15e-17   0.001    0.35
P04820 -19.023  10.869 4.35e-16 2.57e-16 1.31e-16  -0.000   -0.03
P00783 -18.958  10.474 1.02e-15 5.35e-16 2.76e-16   0.002   -0.07
P03295 -18.950  10.406 2.94e-16 1.61e-16 9.00e-17  -0.001   -0.04
P02618 -19.016  10.733 7.26e-17 4.61e-17 2.69e-17   0.000   -0.18
P03875 -19.044  10.671 6.68e-16 3.51e-16 1.66e-16   0.002   -0.09
P03168 -18.868  10.750 6.27e-17 4.31e-17 2.41e-17   0.002   -0.23
P04854 -18.882  10.888 4.52e-17 3.51e-17 2.05e-17   0.001   -0.04
P05038 -18.888  11.072 1.16e-13 6.31e-14 3.45e-14  -0.001    0.19
P01602 -18.917  11.671 2.01e-15 9.83e-16 4.26e-16   0.001    0.37
P03628 -18.781  11.251 2.28e-15 1.16e-15 5.62e-16  -0.001    0.21
P02039 -18.880   9.248 7.44e-16 4.78e-16 1.91e-16   0.001    0.08
P00274 -18.912  10.923 2.23e-15 1.09e-15 5.06e-16  -0.000    0.03
P04458 -18.912  10.934 1.04e-15 6.14e-16 2.86e-16   0.001   -0.03
P00711 -18.894   9.784 1.22e-16 8.27e-17 4.77e-17   0.002   -0.04
P00284 -18.886  10.625 1.50e-17 1.28e-17 9.19e-18   0.001   -0.29
P03444 -18.768   9.796 1.63e-17 1.24e-17 8.88e-18   0.000   -0.05
P03997 -18.873  11.055 6.03e-14 2.74e-14 1.25e-14   0.001   -0.06
P00744 -18.752  10.714 4.75e-14 6.66e-14 6.79e-14   0.001   -0.30
P04479 -18.771  10.542 1.01e-15 5.74e-16 2.83e-16   0.001   -0.27
P03547 -18.736  10.897 1.69e-17 1.17e-17 8.43e-18   0.002   -0.14
P04481 -18.851   9.583 3.05e-17 2.04e-17 1.48e-17   0.002   -0.04
P01493 -18.869  11.080 2.32e-15 1.15e-15 5.44e-16   0.001    0.13
P05140 -18.834  10.365 1.19e-17 1.02e-17 6.54e-18   0.001   -0.21
P04358 -18.675   8.515 2.65e-15 1.52e-15 6.40e-16   0.001   -0.02
P04621 -18.731  10.617 1.23e-16 8.25e-17 4.30e-17  -0.001   -0.29
P03660 -18.662   9.541 1.14e-13 7.76e-14 4.28e-14   0.000   -0.08
P01382 -18.685  10.734 1.39e-16 8.68e-17 4.73e-17   0.001   -0.06
P00100 -18.699  10.745 2.77e-17 2.14e-17 1.36e-17  -0.001   -0.29
P03897 -18.575  11.407 7.34e-16 4.03e-16 1.88e-16  -0.000    0.20
P02194 -18.651  10.950 1.61e-16 9.13e-17 5.28e-17  -0.000    0.02
P03130 -18.662  11.150 2.20e-15 1.05e-15 5.55e-16   0.002    0.07
P04394 -18.675  10.103 3.99e-14 2.26e-14 9.78e-15   0.002   -0.33
P00600 -18.586  10.551 1.99e-17 1.72e-17 1.27e-17   0.001   -0.37
P04625 -18.580  10.755 2.40e-17 1.85e-17 1.51e-17   0.000   -0.32
P00282 -18.543  10.238 4.12e-15 2.04e-15 9.49e-16  -0.000   -0.35
P04872 -18.523  10.783 1.01e-17 8.48e-18 6.36e-18  -0.001   -0.25
P04157 -18.511  11.152 3.09e-17 2.37e-17 1.54e-17   0.001    0.00
P01478 -18.505  11.008 1.22e-13 8.92e-14 5.39e-14   0.002   -0.07
P02991 -18.498  10.607 1.07e-13 6.72e-14 3.30e-14  -0.001   -0.44
P00547 -18.520  10.373 9.82e-16 6.01e-16 2.93e-16   0.001   -0.46
P02885 -18.494  10.662 1.89e-15 1.06e-15 4.41e-16   0.002   -0.48
P01985 -18.400   9.746 1.01e-16 6.62e-17 3.84e-17  -0.000   -0.30
P00045 -18.281  12.140 4.21e-15 1.81e-15 1.00e-15   0.001    0.25
P04384 -18.422  11.230 7.27e-14 3.97e-14 1.88e-14   0.000   -0.08
P02758 -18.493  11.370 3.47e-15 1.77e-15 8.61e-16   0.001    0.06
P04118 -18.368  10.526 8.74e-16 5.22e-16 2.34e-16   0.000   -0.44
P04830 -18.464  10.435 8.48e-16 4.31e-16 2.28e-16   0.002   -0.54
P04500 -18.298  10.642 2.38e-16 1.70e-16 7.00e-17   0.001   -0.43
P03028 -18.417  11.361 1.09e-15 6.17e-16 2.87e-16   0.001   -0.02
P03770 -18.401  11.894 3.67e-15 1.87e-15 8.43e-16   0.001    0.20
P03494 -18.356  10.194 5.10e-17 3.48e-17 2.38e-17  -0.001   -0.53
P01134 -18.277  10.561 7.97e-16 5.38e-16 2.16e-16   0.001   -0.52
P05084 -18.098  10.064 4.11e-16 2.38e-16 1.34e-16   0.001   -0.65
P04861 -18.084  10.962 8.04e-17 5.60e-17 3.42e-17   0.001   -0.37
P01227 -18.132   9.969 1.01e-17 9.37e-18 6.79e-18  -0.002   -0.57
P00311 -18.012  10.158 1.02e-13 8.88e-14 7.49e-14   0.001   -0.68
P05134 -17.923  10.377 3.70e-15 1.84e-15 8.91e-16  -0.001   -0.69
P05083 -17.940   9.899 5.23e-17 3.59e-17 2.25e-17   0.000   -0.78
P02817 -17.818  10.361 2.09e-17 1.65e-17 1.11e-17  -0.001   -0.72
P05141 -17.965  11.420 1.07e-13 6.61e-14 3.45e-14   0.001   -0.20
P00417 -17.707  10.520 2.07e-16 1.43e-16 8.13e-17  -0.001   -0.68
P00995 -17.763  10.214 1.03e-15 5.73e-16 2.89e-16   0.000   -0.73
P00326 -17.685   9.424 4.23e-17 3.06e-17 2.12e-17   0.001   -0.56
P02929 -17.757   9.792 6.55e-16 3.69e-16 1.85e-16  -0.001   -0.71
P04191 -17.664  10.206 2.95e-16 1.50e-16 9.02e-17   0.001   -0.75
P04259 -17.404   7.702 3.57e-15 1.65e-15 6.95e-16   0.001   -0.31
P00667 -17.565  10.250 2.92e-15 1.75e-15 6.96e-16  -0.001   -0.67
P00772 -17.606  12.394 9.92e-14 8.90e-14 6.27e-14  -0.001    0.04
P01361 -17.546   9.415 2.47e-16 1.40e-16 8.24e-17   0.001   -0.67
P04978 -17.579  10.269 1.72e-15 1.00e-15 4.68e-16   0.000   -0.71
P01613 -17.643  10.092 5.96e-15 3.06e-15 1.43e-15   0.001   -0.76
P03400 -17.591  10.326 5.40e-17 3.73e-17 2.15e-17  -0.001   -0.77
P03956 -17.489  11.209 9.22e-16 5.32e-16 2.69e-16   0.002   -0.42
P01528 -17.468   9.508 2.97e-17 2.24e-17 1.54e-17   0.002   -0.69
P00923 -17.483   9.058 3.58e-17 2.48e-17 1.62e-17   0.001   -0.47
P00933 -17.421   9.774 5.02e-17 4.02e-17 2.33e-17   0.000   -0.77
P02380 -17.130   9.343 1.00e-17 8.74e-18 6.96e-18   0.000   -0.78
P03570 -17.273   9.564 5.69e-17 4.06e-17 2.36e-17   0.002   -0.82
P04549 -17.265  10.464 6.00e-17 4.21e-17 2.53e-17  -0.001   -0.78
P04269 -17.207  10.811 2.27e-15 1.18e-15 5.57e-16   0.002   -0.57
P00099 -17.272   9.469 1.25e-16 8.08e-17 4.58e-17   0.001   -0.83
P02373 -17.155   8.321 9.50e-17 6.42e-17 3.74e-17   0.001   -0.45
P00659 -16.905   9.770 6.01e-16 3.61e-16 1.78e-16   0.001   -0.82
P03124 -16.661   8.261 7.11e-14 4.02e-14 1.79e-14   0.002   -0.63
P03404 -16.258   9.374 6.27e-15 3.00e-15 1.25e-15   0.001   -0.90
P04675 -16.348  11.093 1.38e-16 8.11e-17 4.42e-17   0.001   -0.53
P00442 -16.261  10.845 2.06e-16 1.39e-16 6.76e-17   0.000   -0.65
P01308 -16.172   9.399 2.32e-15 1.10e-15 4.99e-16   0.001   -0.92
P01717 -16.162  11.368 3.62e-16 2.29e-16 1.05e-16  -0.000   -0.50
P02708 -16.061   8.932 8.20e-17 5.49e-17 3.52e-17  -0.000   -0.97
P02447 -15.447   9.443 1.25e-15 7.18e-16 3.12e-16   0.001   -0.92
