name x y flux0 flux1 flux2 width rv
F03897   3.595   8.155 2.16e-17 1.20e-17 1.16e-17 12.78 2307.62
F03906   3.768   8.276 1.72e-17 1.67e-17 1.18e-17 16.51 2307.52
F03901   3.790   8.268 3.07e-17 1.48e-17 1.10e-17 18.00 2307.43
F03886   3.802   8.633 1.67e-17 1.02e-17 9.18e-18 16.06 2307.30
F03892   3.804   8.325 1.70e-17 1.03e-17 7.08e-18 14.00 2307.49
F03904   3.835   8.290 1.78e-17 1.66e-17 9.24e-18 12.40 2307.53
F03888   3.855   8.318 2.40e-17 1.27e-17 1.01e-17 15.02 2307.50
F03895   3.855   8.354 1.35e-17 1.02e-17 6.03e-18 16.00 2307.53
F03891   3.991   8.358 3.26e-17 2.44e-17 1.33e-17 14.24 2307.43
F03581   6.881   4.129 2.26e-17 1.30e-17 8.89e-18 14.04 2174.23
F03598   6.908   4.178 2.52e-17 1.87e-17 1.17e-17 14.91 2174.32
F03602   6.914   4.160 1.99e-17 1.26e-17 1.13e-17 18.93 2174.32
F03601   6.914   4.062 1.89e-17 1.54e-17 7.34e-18 15.88 2174.28
F03594   6.926   4.206 1.57e-17 1.18e-17 8.41e-18 10.63 2174.18
F03587   6.935   4.405 2.47e-17 1.71e-17 1.21e-17 16.66 2174.28
F03600   6.945   4.141 1.30e-17 1.13e-17 8.32e-18 15.37 2174.39
F03593   6.950   4.168 1.86e-17 1.18e-17 9.47e-18 16.18 2174.18
F03607   6.951   4.156 2.17e-17 1.80e-17 1.11e-17 12.41 2174.21
F03579   6.954   4.167 2.11e-17 1.39e-17 9.61e-18 13.95 2174.28
F03590   6.955   4.163 2.52e-17 2.26e-17 1.28e-17 12.51 2174.30
F03608   6.967   4.180 1.32e-17 1.26e-17 8.54e-18 17.59 2174.21
F03595   6.986   4.179 1.57e-17 1.60e-17 8.54e-18 16.94 2174.38
F03599   7.007   4.055 1.93e-17 1.79e-17 8.39e-18 21.70 2174.35
F03580   7.026   4.138 1.89e-17 1.32e-17 9.68e-18 19.26 2174.26
F03605   7.049   4.272 2.08e-17 1.52e-17 1.06e-17 12.18 2174.24
F03589   7.080   4.301 1.39e-17 1.19e-17 7.85e-18 17.71 2174.22
F03606   7.170   4.026 1.40e-17 1.11e-17 6.78e-18 16.93 2174.33
F03591   7.247   3.925 2.11e-17 1.61e-17 1.02e-17 11.75 2174.22
