name x y flux0 flux1 flux2 width rv
F03245 -19.910   4.369 6.90e-17 4.61e-17 3.31e-17 29.12 1128.35
F03255 -19.886   4.090 3.37e-17 2.96e-17 2.14e-17 34.57 1128.45
F03247 -19.833   4.237 4.56e-17 3.10e-17 2.85e-17 34.33 1128.22
F03244 -19.830   4.179 3.88e-17 2.67e-17 1.87e-17 28.38 1128.44
F03242 -19.759   4.394 6.81e-17 4.71e-17 2.84e-17 33.35 1128.31
F03254 -19.744   4.209 5.88e-17 4.64e-17 3.21e-17 30.27 1128.17
F03239 -19.742   4.300 6.59e-17 5.33e-17 3.17e-17 28.57 1128.27
F03252 -19.733   4.257 5.80e-17 4.82e-17 3.58e-17 28.29 1128.40
F03257 -19.730   4.314 3.24e-17 2.47e-17 1.65e-17 30.92 1128.47
F03261 -19.728   4.248 1.09e-16 7.50e-17 5.60e-17 28.68 1128.40
F03241 -19.715   4.300 5.26e-17 4.92e-17 2.46e-17 27.28 1128.40
F03232 -19.711   4.179 1.12e-16 6.26e-17 5.04e-17 16.25 1128.41
F03249 -19.708   4.282 4.11e-17 3.19e-17 2.27e-17 32.84 1128.20
F03253 -19.708   4.283 5.93e-17 4.39e-17 2.42e-17 35.73 1128.40
F03235 -19.706   4.281 2.18e-17 1.43e-17 1.01e-17 22.03 1128.45
F03236 -19.706   4.286 1.44e-16 9.03e-17 5.91e-17 36.24 1128.26
F03243 -19.706   4.282 1.56e-17 1.35e-17 8.01e-18 36.22 1128.40
F03263 -19.703   4.280 6.54e-17 4.89e-17 3.20e-17 24.75 1128.29
F03240 -19.702   4.230 4.42e-17 2.42e-17 2.09e-17 26.37 1128.27
F03238 -19.701   4.276 7.35e-17 4.68e-17 4.30e-17 26.50 1128.31
F03234 -19.697   4.331 6.89e-17 4.16e-17 3.37e-17 27.02 1128.31
F03251 -19.694   4.350 2.95e-17 2.28e-17 1.15e-17 29.38 1128.30
F03233 -19.692   4.288 6.00e-17 5.57e-17 2.74e-17 34.73 1128.33
F03264 -19.689   4.323 3.79e-17 2.52e-17 1.67e-17 27.25 1128.37
F03246 -19.672   4.281 4.07e-17 3.16e-17 2.27e-17 30.79 1128.26
F03262 -19.669   4.301 2.94e-17 2.79e-17 1.99e-17 28.83 1128.49
F03260 -19.658   4.244 7.02e-17 5.26e-17 3.27e-17 28.58 1128.30
F03256 -19.652   4.288 4.42e-17 3.30e-17 2.40e-17 27.96 1128.43
F03259 -19.639   4.254 3.72e-17 2.24e-17 1.91e-17 21.99 1128.27
F03258 -19.490   4.430 9.03e-17 5.69e-17 3.99e-17 34.06 1128.22
F03248 -19.436   4.433 4.12e-17 2.86e-17 1.85e-17 30.09 1128.20
