name x y flux0 flux1 flux2 width rv
F03748   6.454  36.849 4.98e-17 3.22e-17 2.62e-17 36.49  855.05
F03736   6.704  36.843 7.08e-17 4.94e-17 3.42e-17 39.76  855.19
F03746   6.733  37.108 1.02e-16 6.66e-17 4.54e-17 34.91  854.85
F03737   6.824  36.869 2.88e-17 2.26e-17 1.33e-17 43.73  854.88
F03751   6.835  37.267 9.52e-17 7.81e-17 4.43e-17 42.82  854.95
F03742   6.872  36.935 3.23e-17 2.74e-17 1.58e-17 36.68  855.09
F03740   6.893  36.951 8.56e-17 6.25e-17 4.29e-17 39.65  854.96
F03739   6.920  36.871 1.02e-16 7.68e-17 5.21e-17 45.63  854.84
F03741   6.924  36.754 9.14e-17 6.46e-17 4.35e-17 43.93  854.94
F03755   6.926  36.950 1.36e-16 9.56e-17 5.77e-17 32.70  855.08
F03735   6.929  37.007 2.48e-17 1.73e-17 1.08e-17 36.54  855.04
F03738   6.931  36.947 7.88e-17 6.43e-17 4.33e-17 30.39  854.91
F03744   6.944  36.945 6.05e-17 4.82e-17 3.12e-17 38.25  855.09
F03754   6.969  37.023 2.48e-17 1.69e-17 1.12e-17 27.32  855.02
F03743   6.974  36.870 4.04e-17 2.86e-17 1.89e-17 37.68  855.19
F03753   6.975  37.000 1.06e-16 7.59e-17 5.40e-17 33.72  854.99
F03747   6.987  36.984 6.50e-17 4.87e-17 3.18e-17 43.17  855.09
F03745   7.014  36.918 5.32e-17 3.57e-17 2.41e-17 32.27  855.02
F03749   7.031  36.861 8.53e-17 5.65e-17 3.82e-17 34.86  855.09
F03752   7.198  36.270 4.46e-17 3.25e-17 2.10e-17 41.28  855.07
F03734   7.235  36.936 3.62e-17 2.65e-17 1.74e-17 37.97  855.17
F03750   7.386  36.719 2.24e-17 1.67e-17 1.05e-17 41.09  855.17
