name x y flux0 flux1 flux2 width rv
F05409   0.151 -16.433 1.12e-16 8.59e-17 7.24e-17 58.19  676.30
F05404   0.615 -16.363 1.16e-16 9.81e-17 6.13e-17 39.84  676.30
F05406   0.656 -15.455 3.14e-17 2.80e-17 1.69e-17 42.65  676.20
F05411   0.712 -15.704 3.88e-16 2.23e-16 1.89e-16 38.87  676.15
F05398   0.799 -15.806 4.85e-17 2.08e-17 1.56e-17 49.30  676.21
F05387   0.828 -15.611 1.78e-16 1.32e-16 8.60e-17 53.82  676.29
F05386   0.854 -15.896 1.83e-16 2.12e-16 8.38e-17 46.56  676.32
F05403   0.871 -15.815 1.58e-16 8.35e-17 8.17e-17 55.29  676.22
F05408   0.883 -15.814 2.00e-16 1.18e-16 6.82e-17 34.48  676.37
F05402   0.888 -15.815 7.82e-17 4.84e-17 3.39e-17 53.08  676.19
F05410   0.892 -16.180 1.86e-16 1.27e-16 8.31e-17 60.02  676.22
F05393   0.898 -15.815 8.73e-17 5.96e-17 4.95e-17 37.11  676.54
F05394   0.913 -15.881 1.84e-16 1.41e-16 8.12e-17 48.67  676.27
F05397   0.919 -16.024 2.04e-16 1.51e-16 9.64e-17 37.42  676.32
F05389   0.924 -15.842 8.50e-17 7.88e-17 4.43e-17 56.40  676.38
F05390   0.934 -15.861 1.68e-16 1.25e-16 5.87e-17 49.29  676.27
F05391   0.938 -15.907 3.64e-16 2.75e-16 1.29e-16 58.01  676.36
F05401   0.947 -15.763 1.20e-16 8.63e-17 5.94e-17 49.91  676.52
F05388   0.975 -15.850 1.85e-16 1.13e-16 6.37e-17 53.87  676.28
F05407   0.990 -16.079 1.28e-16 1.02e-16 4.81e-17 49.28  676.27
F05405   1.003 -15.017 1.31e-16 9.63e-17 4.67e-17 51.56  675.89
F05396   1.010 -15.868 1.16e-16 1.11e-16 4.69e-17 45.91  676.27
F05400   1.053 -15.734 1.48e-16 1.11e-16 8.05e-17 46.59  676.24
F05395   1.098 -16.046 2.78e-16 1.89e-16 1.61e-16 53.07  676.33
F05412   1.211 -15.219 1.62e-16 1.40e-16 6.87e-17 40.49  676.28
F05392   1.242 -15.936 3.16e-16 2.66e-16 1.50e-16 47.17  676.27
F05413   1.294 -16.270 1.19e-16 9.33e-17 5.13e-17 43.88  676.33
