name x y flux0 flux1 flux2 width rv
F06442 -44.504  37.407 2.02e-17 1.44e-17 9.98e-18 17.68 2325.75
F06428 -44.501  37.373 2.10e-17 1.47e-17 1.04e-17 17.21 2325.39
F06439 -44.499  37.384 1.70e-17 1.38e-17 8.37e-18 14.10 2325.66
F06444 -44.484  37.370 1.78e-17 1.29e-17 7.81e-18 14.03 2325.44
F06430 -44.481  37.221 1.42e-17 1.04e-17 7.04e-18 17.83 2325.59
F06432 -44.473  37.362 2.24e-17 1.57e-17 1.04e-17 18.95 2325.53
F06437 -44.453  37.379 2.00e-17 1.44e-17 1.03e-17 15.18 2325.66
F06436 -44.424  37.381 1.47e-17 1.02e-17 6.54e-18 13.97 2325.55
F06424 -44.390  37.271 2.54e-17 1.84e-17 1.15e-17 15.39 2325.45
F06663 -38.119  39.789 2.79e-17 1.99e-17 1.28e-17 14.53 2146.00
F06667 -37.692  39.760 2.66e-17 1.76e-17 1.24e-17 17.82 2146.25
F06641 -37.591  39.939 1.66e-17 1.19e-17 8.36e-18 15.01 2146.26
F06651 -37.392  39.682 1.72e-17 1.12e-17 8.00e-18 13.70 2146.35
F06659 -37.334  39.695 2.08e-17 1.44e-17 9.42e-18 16.90 2146.35
F06668 -37.329  39.808 2.05e-17 1.43e-17 9.32e-18 19.82 2146.19
F06639 -37.328  39.949 1.95e-17 1.40e-17 9.30e-18 17.32 2146.50
F06652 -37.321  39.795 1.49e-17 1.07e-17 7.35e-18 17.29 2146.37
F06650 -37.320  39.798 1.57e-17 1.15e-17 8.06e-18 16.40 2146.32
F06664 -37.313  39.886 1.89e-17 1.39e-17 8.79e-18 14.15 2146.28
F06656 -37.311  39.784 2.79e-17 1.90e-17 1.26e-17 15.71 2146.37
F06655 -37.308  39.789 1.71e-17 1.24e-17 8.09e-18 12.61 2146.39
F06642 -37.193  39.740 1.64e-17 1.13e-17 7.92e-18 17.37 2146.42
F06658 -37.152  39.615 2.09e-17 1.45e-17 9.54e-18 10.58 2146.18
F06662 -37.113  39.700 2.14e-17 1.46e-17 1.04e-17 12.04 2146.42
F06666 -37.081  39.674 2.33e-17 1.66e-17 1.15e-17 15.37 2146.39
F06648 -37.013  39.547 1.74e-17 1.17e-17 8.31e-18 12.35 2146.27
F06638 -36.991  39.649 1.65e-17 1.30e-17 8.14e-18 14.90 2146.28
F04389 -32.351  35.979 4.88e-17 3.50e-17 2.39e-17 19.44 1583.04
F04410 -32.020  35.332 3.29e-17 2.46e-17 1.67e-17 22.88 1582.76
F04408 -31.879  35.560 2.87e-17 2.03e-17 1.41e-17 22.11 1583.05
F04405 -31.876  35.292 3.36e-17 2.36e-17 1.59e-17 17.37 1582.93
F04406 -31.869  35.362 3.84e-17 2.66e-17 1.75e-17 23.19 1582.93
F04390 -31.846  35.106 2.76e-17 1.93e-17 1.30e-17 17.86 1582.86
F04391 -31.812  35.212 3.19e-17 2.38e-17 1.48e-17 15.10 1583.01
F04395 -31.806  35.293 1.92e-17 1.34e-17 9.19e-18 24.84 1583.11
F04396 -31.800  35.334 2.08e-17 1.37e-17 9.69e-18 24.62 1583.04
F04388 -31.784  35.332 1.83e-17 1.29e-17 9.50e-18 20.40 1582.90
F04382 -31.765  35.188 3.33e-17 2.24e-17 1.52e-17 22.78 1582.86
F04412 -31.753  35.181 2.41e-17 1.84e-17 1.19e-17 19.09 1582.97
F04383 -31.735  35.233 1.81e-17 1.30e-17 8.49e-18 17.09 1582.80
F04392 -31.730  35.222 3.20e-17 2.31e-17 1.42e-17 23.09 1582.82
F04400 -31.721  35.187 3.92e-17 2.86e-17 1.91e-17 17.71 1582.87
F04402 -31.719  34.973 2.58e-17 1.70e-17 1.14e-17 25.46 1582.86
F04384 -31.718  35.270 1.66e-17 1.26e-17 8.06e-18 25.15 1582.80
F04399 -31.708  35.202 2.03e-17 1.47e-17 9.68e-18 22.34 1582.81
F04409 -31.705  35.270 4.76e-17 3.54e-17 2.21e-17 17.02 1582.91
F04386 -31.697  35.166 3.53e-17 2.54e-17 1.85e-17 26.96 1582.85
F04387 -31.674  35.229 2.91e-17 1.98e-17 1.24e-17 23.09 1582.94
F04398 -31.669  35.249 5.55e-17 3.71e-17 2.55e-17 21.20 1582.73
F04413 -31.626  34.863 1.40e-17 1.00e-17 7.10e-18 23.28 1582.83
F04404 -31.554  35.189 1.60e-17 1.11e-17 7.69e-18 24.23 1582.94
F04394 -31.513  35.301 2.45e-17 1.84e-17 1.18e-17 24.32 1582.92
F04401 -31.442  35.136 2.85e-17 2.01e-17 1.34e-17 18.98 1582.75
F04407 -31.420  35.227 2.90e-17 2.17e-17 1.43e-17 23.71 1582.99
F04411 -30.832  34.599 2.33e-17 1.57e-17 1.15e-17 20.39 1582.73
