name x y flux0 flux1 flux2 width rv
F06822 -21.564   1.619 5.60e-17 3.80e-17 2.95e-17 22.64 1623.95
F06800 -21.286   1.203 2.72e-17 2.36e-17 1.21e-17 24.07 1624.09
F06825 -21.245   1.508 4.85e-17 2.73e-17 1.67e-17 22.22 1624.12
F06809 -21.221   1.435 2.06e-17 1.57e-17 1.33e-17 20.30 1624.16
F06824 -21.210   1.463 3.07e-17 2.16e-17 1.56e-17 18.89 1624.02
F06810 -21.208   1.433 2.51e-17 1.90e-17 1.21e-17 23.25 1623.95
F06812 -21.204   1.405 2.08e-17 1.70e-17 1.13e-17 20.02 1624.29
F06803 -21.204   1.471 1.50e-17 1.59e-17 9.96e-18 19.22 1624.23
F06797 -21.202   1.614 2.68e-17 1.96e-17 9.75e-18 30.84 1624.15
F06815 -21.177   1.446 1.95e-17 1.13e-17 1.01e-17 18.44 1624.08
F06799 -21.165   1.762 2.57e-17 1.92e-17 1.09e-17 19.97 1624.02
F06807 -21.165   1.448 3.16e-17 2.24e-17 1.83e-17 19.40 1624.22
F06798 -21.164   1.422 2.78e-17 1.95e-17 1.13e-17 22.88 1623.92
F06801 -21.164   1.509 1.57e-17 1.01e-17 6.31e-18 19.71 1624.16
F06827 -21.158   1.436 3.01e-17 2.33e-17 1.71e-17 26.46 1624.17
F06817 -21.151   1.382 4.88e-17 2.97e-17 1.59e-17 18.56 1624.12
F06820 -21.147   1.455 3.75e-17 2.52e-17 1.43e-17 15.89 1624.16
F06813 -21.141   1.434 2.03e-17 1.53e-17 8.63e-18 18.69 1624.26
F06805 -21.125   1.294 3.92e-17 2.38e-17 1.60e-17 21.94 1624.16
F06814 -21.113   1.454 2.03e-17 1.17e-17 6.01e-18 12.37 1624.21
F06802 -21.105   1.461 2.15e-17 2.02e-17 1.13e-17 25.79 1624.18
F06819 -21.090   1.403 2.08e-17 1.47e-17 8.11e-18 12.79 1624.08
F06806 -21.053   1.440 3.94e-17 2.52e-17 1.71e-17 22.36 1624.31
F06811 -21.050   1.442 1.97e-17 1.48e-17 8.12e-18 16.71 1624.06
F06818 -21.035   1.191 2.58e-17 1.66e-17 9.28e-18 26.94 1624.09
F06826 -20.994   1.410 3.17e-17 2.42e-17 1.93e-17 24.90 1623.93
F06816 -20.911   1.558 2.53e-17 1.83e-17 1.23e-17 21.99 1624.21
F06808 -20.795   1.465 4.52e-17 2.94e-17 1.52e-17 17.09 1624.06
