name x y flux1 flux2 flux3 par rv
P01235 -28.654  18.966 1.39e-17 6.96e-18 3.10e-18   0.001    0.55
P03882 -28.357  17.011 1.44e-15 8.82e-16 4.55e-16   0.002    0.89
P00540 -28.130  16.151 1.64e-17 1.63e-17 1.30e-17   0.000    1.05
P02031 -28.064  17.254 1.42e-17 1.40e-17 1.17e-17   0.001    0.86
P03706 -27.944  18.808 2.20e-13 1.16e-13 5.19e-14  -0.001    0.81
P03810 -27.598  19.714 2.74e-15 1.24e-15 6.12e-16   0.041   -0.15
P00434 -27.299  17.616 3.43e-13 3.87e-13 3.62e-13   0.001    0.85
P02250 -27.112  17.449 1.26e-15 6.97e-16 4.15e-16   0.000    0.83
P05081 -26.853  21.299 2.04e-14 1.07e-14 5.16e-15   0.001    0.15
P03247 -26.524  18.052 5.28e-17 4.40e-17 3.06e-17   0.003    0.84
P04158 -26.568  23.125 5.40e-13 5.89e-13 4.48e-13   0.002   -0.12
P04801 -26.606  16.952 1.09e-14 5.80e-15 2.61e-15   0.004    0.98
P01457 -26.159  16.619 2.49e-17 2.65e-17 1.86e-17   0.000    0.95
P04496 -26.223  18.430 9.08e-16 5.98e-16 3.05e-16  -0.000    0.77
P04769 -25.660  20.228 6.14e-13 4.90e-13 3.15e-13   0.001    0.33
P04459 -25.531  19.154 4.54e-13 2.49e-13 1.28e-13   0.001    0.57
P04253 -25.572  20.365 7.64e-17 7.07e-17 4.74e-17   0.002    0.24
P01341 -25.343  19.335 3.62e-13 1.97e-13 9.15e-14   0.003    0.72
P01421 -25.117  18.544 1.86e-17 1.80e-17 1.52e-17   0.001    0.63
P01751 -25.092  18.860 3.76e-15 2.16e-15 1.06e-15   0.001    0.69
P03151 -25.208  19.648 2.37e-13 1.19e-13 5.61e-14   0.002    0.56
P01791 -25.130  16.242 3.09e-17 2.45e-17 1.96e-17   0.001    0.68
P03137 -24.914  20.947 7.30e-17 6.58e-17 4.28e-17   0.001    0.16
P03833 -24.952  20.716 2.88e-15 1.62e-15 8.14e-16  -0.001    0.15
P03771 -24.885  18.617 3.84e-13 3.92e-13 3.50e-13   0.001    0.79
P02089 -24.787  25.619 2.12e-14 1.02e-14 4.64e-15   0.002   -0.48
P02074 -24.763  18.699 2.20e-15 1.26e-15 6.29e-16   0.002    0.64
P04104 -24.806  17.943 9.94e-16 6.33e-16 3.60e-16  -0.000    0.85
P04941 -24.830  18.345 1.27e-17 1.32e-17 1.15e-17   0.002    0.77
P04307 -24.806  17.796 4.00e-15 2.25e-15 1.06e-15   0.000    0.73
P03769 -24.675  19.092 5.38e-17 4.76e-17 3.29e-17   0.001    0.60
P01163 -24.738  19.643 5.75e-16 4.18e-16 2.12e-16   0.001    0.44
P00666 -24.836  21.668 2.70e-15 1.58e-15 7.85e-16  -0.000   -0.20
P00838 -24.760  20.382 2.60e-17 2.40e-17 1.91e-17   0.001    0.13
P04017 -24.572  18.384 2.33e-14 1.18e-14 5.12e-15   0.000    0.74
P04081 -24.469  18.926 1.66e-17 1.75e-17 1.43e-17   0.000    0.66
P01070 -24.375  17.634 1.03e-16 8.41e-17 5.62e-17   0.001    0.53
P00324 -24.259  20.097 1.45e-17 1.60e-17 1.17e-17   0.002    0.33
P02701 -23.953  19.688 1.52e-16 1.08e-16 7.73e-17   0.001    0.45
P01432 -24.186  19.859 1.50e-14 7.37e-15 3.44e-15   0.001    0.35
P04716 -24.124  17.888 1.97e-14 1.07e-14 4.67e-15   0.001    0.73
P04378 -24.102  18.969 1.04e-16 8.60e-17 5.42e-17   0.002    0.67
P01218 -24.013  17.999 1.89e-15 1.10e-15 5.60e-16   0.002    0.75
P03140 -24.058  17.205 3.50e-13 1.79e-13 8.84e-14  -0.001    0.46
P02778 -23.942  16.941 6.15e-15 3.18e-15 1.60e-15   0.003    0.56
P04062 -24.029  18.153 3.75e-17 3.40e-17 2.51e-17   0.002    0.49
P03931 -23.829  17.048 3.75e-15 2.11e-15 1.00e-15   0.002    0.43
P03884 -23.773  19.626 1.79e-16 1.44e-16 8.02e-17  -0.000    0.52
P01993 -23.561  21.756 4.77e-17 4.43e-17 3.18e-17   0.000   -0.31
P02548 -23.670  19.503 2.47e-17 2.49e-17 1.84e-17   0.001    0.48
P02168 -23.582  19.819 7.16e-14 1.64e-13 2.32e-13   0.001    0.32
P02290 -23.509  19.706 2.31e-15 1.28e-15 6.23e-16   0.001    0.45
P01825 -23.520  19.433 1.69e-16 1.27e-16 7.75e-17   0.003    0.51
P00502 -23.585  19.834 1.61e-15 9.24e-16 5.22e-16   0.001    0.38
P04613 -23.387  18.896 1.32e-17 1.38e-17 1.16e-17   0.001    0.42
P03604 -23.447  19.218 2.30e-13 1.12e-13 4.98e-14   0.001    0.53
P02611 -23.326  19.549 1.91e-14 9.74e-15 4.38e-15   0.000    0.19
P00472 -23.327  19.520 7.77e-15 4.03e-15 1.94e-15   0.000    0.38
P03723 -23.396  20.596 3.61e-15 2.06e-15 9.83e-16   0.001   -0.07
P01633 -23.228  20.049 8.91e-15 4.80e-15 2.46e-15   0.002    0.27
P03225 -23.336  19.084 1.72e-15 1.05e-15 5.57e-16   0.001    0.50
P04019 -23.180  19.304 1.00e-16 7.94e-17 5.58e-17   0.003    0.49
P03966 -23.290  20.111 3.90e-15 2.28e-15 1.17e-15   0.002    0.14
P04166 -23.255  20.430 3.70e-15 2.10e-15 1.03e-15   0.002   -0.05
P00768 -23.182  20.953 4.28e-17 3.59e-17 2.86e-17   0.003   -0.19
P02887 -23.118  20.523 3.31e-13 1.87e-13 8.51e-14   0.002   -0.14
P05018 -23.056  19.576 3.41e-17 3.06e-17 2.54e-17  -0.000    0.28
P00769 -23.042  18.172 4.27e-17 3.38e-17 2.61e-17  -0.001    0.51
P02652 -23.020  19.034 3.21e-16 2.37e-16 1.32e-16  -0.000    0.46
P03568 -22.956  19.560 1.74e-15 1.03e-15 5.71e-16   0.001    0.34
P03136 -22.908  20.033 4.25e-13 2.65e-13 1.36e-13   0.003    0.14
P03484 -22.825  20.155 8.74e-17 7.25e-17 4.49e-17   0.002    0.07
P02126 -22.996  20.189 4.90e-13 4.51e-13 3.16e-13   0.003    0.01
P04965 -22.986  20.625 1.64e-15 1.05e-15 5.30e-16   0.002   -0.25
P04650 -22.963  20.088 7.89e-16 5.20e-16 2.69e-16   0.001    0.16
P00908 -22.959  20.436 1.20e-15 7.45e-16 4.10e-16   0.002   -0.16
P03296 -22.970  20.335 8.85e-15 4.62e-15 2.02e-15   0.002    0.03
P01548 -22.956  18.237 7.80e-16 4.63e-16 2.63e-16   0.003    0.28
P03578 -22.816  21.316 3.12e-15 1.59e-15 8.60e-16   0.002   -0.45
P01572 -22.864  20.812 5.28e-13 4.38e-13 2.79e-13   0.002   -0.41
P00901 -22.756  20.226 3.76e-17 2.95e-17 2.43e-17   0.000   -0.12
P04883 -22.772  19.855 1.03e-17 1.08e-17 9.64e-18   0.001    0.15
P03998 -22.665  19.637 1.70e-17 1.74e-17 1.50e-17   0.003    0.19
P02764 -22.772  19.592 3.85e-15 2.18e-15 1.08e-15   0.001    0.37
P03203 -22.859  21.117 1.50e-17 1.46e-17 1.20e-17   0.002   -0.51
P04638 -22.802  19.550 1.84e-14 9.43e-15 4.28e-15   0.002    0.27
P03496 -22.863  22.138 5.85e-16 3.92e-16 2.14e-16   0.001   -0.65
P03963 -22.801  20.003 2.79e-16 2.08e-16 1.16e-16   0.002    0.04
P04264 -22.609  20.350 1.42e-17 1.54e-17 1.21e-17   0.000   -0.20
P02005 -22.707  19.494 3.88e-16 2.62e-16 1.59e-16   0.002    0.24
P02161 -22.633  20.560 2.02e-17 2.17e-17 1.62e-17  -0.000   -0.23
P03351 -22.620  20.062 4.12e-16 2.68e-16 1.61e-16   0.002    0.23
P02203 -22.649  21.306 3.32e-15 1.86e-15 9.44e-16   0.002   -0.51
P04298 -22.622  21.591 2.61e-14 1.20e-14 5.47e-15   0.002   -0.64
P04100 -22.564  20.044 8.52e-16 5.38e-16 2.70e-16  -0.001    0.10
P02897 -22.565  19.447 4.02e-16 2.67e-16 1.42e-16   0.001    0.13
P02304 -22.501  19.655 4.81e-15 2.75e-15 1.29e-15   0.002    0.13
P00096 -22.614  19.466 6.45e-15 3.48e-15 1.59e-15  -0.000    0.33
P04020 -22.643  19.531 2.84e-17 2.64e-17 2.05e-17   0.002    0.05
P04925 -22.611  20.045 2.02e-13 3.06e-13 2.94e-13   0.002   -0.09
P00420 -22.572  20.313 3.41e-17 3.09e-17 2.37e-17   0.002   -0.31
P03252 -22.553  19.814 9.92e-15 5.31e-15 2.23e-15   0.001   -0.03
P03240 -22.540  21.244 3.24e-15 1.75e-15 9.09e-16   0.001   -0.58
P02036 -22.497  19.510 1.29e-16 1.01e-16 5.87e-17   0.001    0.05
P04811 -22.535  19.897 3.65e-17 3.09e-17 2.38e-17   0.002    0.04
P03916 -22.458  19.206 8.07e-15 4.00e-15 1.83e-15   0.003    0.12
P04551 -22.455  19.612 2.63e-13 3.44e-13 3.45e-13   0.002    0.03
P03524 -22.517  19.317 1.60e-14 8.36e-15 3.68e-15   0.002   -0.04
P00288 -22.385  19.929 2.19e-16 1.75e-16 9.90e-17  -0.000    0.05
P02427 -22.462  20.211 4.56e-17 4.25e-17 2.98e-17  -0.000   -0.44
P01926 -22.542  18.532 1.07e-15 6.75e-16 3.44e-16  -0.000    0.06
P01616 -22.477  19.828 3.95e-13 2.04e-13 1.10e-13   0.002   -0.04
P03829 -22.480  20.191 7.85e-17 7.00e-17 5.06e-17   0.002   -0.24
P01656 -22.473  22.159 1.85e-16 1.31e-16 8.02e-17   0.002   -0.74
P01904 -22.425  19.861 2.15e-15 1.22e-15 6.68e-16   0.001    0.04
P02187 -22.351  20.062 1.49e-15 9.18e-16 4.81e-16   0.002   -0.20
P02334 -22.426  19.255 1.25e-17 1.30e-17 1.07e-17   0.001   -0.09
P02441 -22.547  19.565 4.27e-17 3.63e-17 2.75e-17   0.001   -0.02
P04652 -22.379  20.913 7.10e-17 6.25e-17 3.98e-17   0.001   -0.80
P04516 -22.418  20.068 5.47e-14 1.52e-13 2.14e-13   0.000   -0.22
P03581 -22.428  20.704 3.52e-17 3.42e-17 2.45e-17   0.002   -0.53
P01013 -22.405  20.133 7.08e-17 5.84e-17 3.96e-17   0.001   -0.32
P02610 -22.391  19.923 2.47e-17 2.46e-17 1.84e-17   0.003   -0.10
P01903 -22.394  20.701 1.88e-17 1.90e-17 1.43e-17   0.002   -0.65
P00254 -22.422  20.076 1.23e-14 7.01e-15 2.92e-15   0.002   -0.29
P03812 -22.371  21.649 1.03e-14 5.30e-15 2.54e-15   0.002   -0.70
P03961 -22.465  20.080 1.17e-15 6.72e-16 3.56e-16   0.002   -0.16
P02580 -22.398  22.271 6.91e-15 3.63e-15 1.64e-15   0.000   -0.82
P02264 -22.455  18.890 1.37e-16 1.03e-16 6.63e-17   0.000    0.00
P05113 -22.213  19.992 1.20e-17 1.29e-17 1.03e-17   0.000   -0.30
P00049 -22.371  20.408 1.21e-17 1.32e-17 1.18e-17   0.002   -0.45
P00725 -22.285  18.646 2.44e-14 1.12e-14 4.97e-15   0.002    0.35
P03300 -22.272  20.496 2.19e-13 1.09e-13 4.64e-14   0.001   -0.65
P03323 -22.322  19.264 4.79e-16 3.10e-16 1.88e-16   0.000    0.16
P04078 -22.275  20.032 9.93e-17 8.11e-17 5.36e-17   0.001   -0.07
P02311 -22.296  20.256 2.04e-15 1.13e-15 6.23e-16   0.003   -0.50
P04413 -22.229  19.151 1.48e-16 1.22e-16 7.35e-17   0.002    0.16
P03290 -22.220  20.408 2.14e-17 2.36e-17 1.71e-17   0.001   -0.72
P00828 -22.383  20.758 2.37e-13 3.19e-13 3.14e-13   0.001   -0.74
P04195 -22.372  18.951 2.33e-13 2.91e-13 2.93e-13   0.001   -0.09
P01374 -22.268  20.318 1.83e-17 1.99e-17 1.53e-17   0.000   -0.71
P05115 -22.342  19.876 1.80e-17 1.99e-17 1.37e-17   0.001   -0.24
P04664 -22.267  19.812 1.19e-16 9.52e-17 6.61e-17   0.002   -0.20
P02688 -22.265  20.418 4.43e-15 2.26e-15 1.18e-15  -0.001   -0.60
P01664 -22.335  19.649 7.75e-15 4.04e-15 1.88e-15   0.003   -0.13
P04718 -22.262  21.605 2.78e-14 1.40e-14 6.29e-15   0.000   -0.73
P03821 -22.217  20.285 2.15e-17 1.89e-17 1.62e-17   0.000   -0.63
P03539 -22.330  18.393 2.01e-15 1.21e-15 6.44e-16   0.001   -0.02
P00813 -22.230  20.280 4.17e-16 2.47e-16 1.56e-16   0.002   -0.44
P04407 -22.237  20.037 1.76e-17 1.82e-17 1.41e-17  -0.000   -0.46
P02308 -22.348  19.553 1.47e-16 1.08e-16 6.59e-17   0.001   -0.22
P00058 -22.050  19.988 2.13e-17 2.35e-17 1.64e-17  -0.000   -0.37
P00564 -22.232  19.657 1.34e-15 7.86e-16 4.13e-16   0.002   -0.17
P04909 -22.165  20.828 2.14e-17 1.99e-17 1.68e-17   0.002   -0.79
P01708 -22.158  21.698 4.48e-16 2.87e-16 1.61e-16  -0.000   -0.85
P02773 -22.131  20.014 8.41e-16 5.33e-16 2.66e-16   0.001   -0.27
P02921 -22.056  19.877 1.77e-14 8.63e-15 4.36e-15   0.001   -0.39
P00485 -22.057  19.967 4.63e-17 4.11e-17 2.98e-17   0.000   -0.48
P00770 -22.176  19.318 3.07e-16 2.11e-16 1.16e-16   0.002   -0.12
P00471 -22.204  20.105 3.18e-16 2.21e-16 1.40e-16   0.001   -0.51
P04893 -22.076  20.590 1.13e-16 8.74e-17 5.55e-17  -0.000   -0.75
P02413 -22.047  20.262 5.97e-15 2.78e-14 8.21e-14   0.000   -0.67
P02582 -22.069  18.779 2.42e-16 1.70e-16 1.13e-16   0.000   -0.07
P01390 -21.994  20.199 4.27e-16 2.86e-16 1.51e-16   0.002   -0.66
P01671 -22.030  23.766 1.02e-17 5.28e-18 2.35e-18   0.003   -0.94
P04027 -21.998  19.118 3.59e-16 2.24e-16 1.31e-16   0.003   -0.21
P02575 -21.897  19.960 5.12e-13 4.13e-13 2.63e-13   0.001   -0.57
P01525 -22.053  20.157 1.80e-13 9.20e-14 3.94e-14  -0.000   -0.62
P00685 -21.992  17.722 3.09e-17 2.79e-17 2.14e-17   0.000   -0.00
P01568 -21.883  20.472 1.04e-15 6.56e-16 3.29e-16  -0.001   -0.74
P03863 -22.104  22.520 8.71e-15 4.76e-15 2.08e-15   0.003   -0.75
P03269 -22.002  19.594 1.71e-13 2.66e-13 3.30e-13   0.002   -0.40
P02268 -21.897  22.156 7.61e-16 5.52e-16 2.67e-16   0.001   -0.95
P04300 -21.940  19.995 1.27e-14 6.45e-15 2.92e-15   0.001   -0.72
P04422 -21.840  19.721 2.31e-16 1.59e-16 9.84e-17   0.002   -0.40
P00762 -21.952  22.669 4.60e-17 4.79e-17 3.11e-17   0.000   -0.91
P04535 -21.861  18.880 3.13e-17 2.77e-17 2.20e-17   0.003   -0.11
P04097 -21.755  20.338 2.66e-15 1.52e-15 7.21e-16   0.001   -0.82
P01650 -21.807  21.192 8.96e-15 4.96e-15 2.20e-15   0.003   -1.05
P04720 -21.771  20.910 1.01e-17 1.09e-17 9.13e-18   0.001   -0.96
P03491 -21.736  18.347 3.39e-13 1.79e-13 9.11e-14   0.002   -0.13
P05072 -21.865  21.784 1.66e-17 1.65e-17 1.48e-17   0.001   -0.86
P02558 -21.776  20.379 2.02e-16 1.58e-16 9.04e-17   0.001   -0.84
P02861 -21.866  20.758 5.91e-17 5.59e-17 3.77e-17   0.003   -1.01
P04075 -21.662  21.025 6.13e-15 3.26e-15 1.49e-15  -0.002   -0.88
P00958 -21.700  20.699 4.99e-15 2.83e-15 1.28e-15   0.001   -0.98
P01864 -21.744  18.802 1.50e-17 1.41e-17 1.20e-17   0.001   -0.27
P03909 -21.731  20.581 9.97e-15 5.12e-15 2.33e-15   0.002   -0.99
P01963 -21.578  21.287 5.99e-13 4.38e-13 2.69e-13   0.002   -1.04
P00501 -21.547  20.238 1.27e-15 7.30e-16 3.81e-16   0.002   -0.91
P03069 -21.473  19.268 2.44e-14 1.25e-14 5.32e-15  -0.000   -0.39
P04895 -21.523  18.492 5.20e-16 3.30e-16 2.07e-16   0.003   -0.20
P00109 -21.524  21.414 1.46e-15 1.04e-14 4.01e-14   0.002   -1.08
P04788 -21.390  19.610 2.31e-17 2.26e-17 1.71e-17   0.001   -0.45
P04952 -21.445  22.146 2.94e-17 2.84e-17 2.15e-17   0.000   -1.01
P04190 -21.523  21.451 2.17e-15 1.25e-15 6.34e-16   0.001   -1.14
P05138 -21.465  20.318 4.48e-13 2.76e-13 1.37e-13   0.001   -0.96
P00759 -21.435  20.957 2.17e-16 1.43e-16 1.01e-16   0.001   -1.06
P03270 -21.434  21.131 5.37e-17 4.85e-17 3.45e-17   0.002   -1.10
P01636 -21.466  20.748 9.50e-15 5.06e-15 2.14e-15   0.002   -1.02
P02087 -21.325  19.734 2.84e-16 2.06e-16 1.13e-16   0.001   -0.77
P01984 -21.353  20.964 1.90e-15 1.21e-15 5.56e-16   0.001   -0.94
P00358 -21.415  20.535 1.51e-17 1.64e-17 1.17e-17   0.002   -0.98
P04129 -21.287  20.573 1.47e-16 1.17e-16 7.69e-17   0.001   -0.98
P01755 -21.422  19.349 6.28e-17 5.03e-17 3.74e-17   0.000   -0.66
P03378 -21.405  29.637 3.57e-17 3.62e-17 2.57e-17   0.002   -0.94
P01946 -21.369  21.061 4.24e-13 2.63e-13 1.32e-13   0.002   -1.18
P04103 -21.250  20.165 9.18e-17 6.91e-17 5.04e-17   0.002   -0.87
P03576 -21.236  21.517 2.23e-17 1.89e-17 1.50e-17  -0.000   -1.18
P04165 -21.301  19.796 2.20e-14 9.57e-15 4.33e-15   0.002   -0.73
P03595 -21.073  23.732 4.17e-13 2.55e-13 1.30e-13   0.001   -1.03
P01794 -21.048  20.466 3.38e-16 2.22e-16 1.36e-16   0.003   -0.83
P02774 -21.187  21.345 2.17e-16 1.68e-16 1.03e-16   0.000   -1.21
P03715 -21.042  18.647 1.46e-17 1.41e-17 1.23e-17   0.002   -0.37
P03528 -20.999  21.997 1.23e-14 6.85e-15 2.93e-15   0.000   -1.31
P01629 -20.975  18.521 4.50e-14 1.04e-13 1.73e-13   0.002   -0.30
P03235 -20.608  18.414 2.89e-15 1.48e-15 7.83e-16   0.002   -0.33
P01574 -20.749  21.894 8.49e-17 6.55e-17 4.93e-17   0.001   -1.28
P03952 -20.963  18.135 5.42e-16 3.49e-16 1.85e-16   0.001   -0.27
P01398 -20.810  18.296 5.64e-17 4.51e-17 3.29e-17   0.002   -0.30
P01455 -20.741  20.433 2.18e-16 1.56e-16 9.97e-17   0.003   -1.20
P04334 -20.781  20.908 2.43e-17 2.24e-17 1.73e-17   0.002   -1.19
P03747 -20.683  21.524 4.34e-16 3.19e-16 1.80e-16  -0.000   -1.32
P02023 -20.650  20.478 3.38e-16 2.33e-16 1.41e-16   0.003   -1.01
P00412 -20.631  23.288 1.42e-16 1.20e-16 7.46e-17   0.001   -1.25
P03084 -20.728  17.463 5.54e-15 2.97e-15 1.34e-15  -0.000   -0.29
P03277 -20.626  20.284 4.98e-15 2.73e-15 1.33e-15   0.000   -1.19
P03689 -20.500  21.288 8.28e-16 4.84e-16 2.46e-16   0.000   -1.22
P03678 -20.385  19.558 8.45e-15 4.49e-15 2.30e-15   0.001   -0.55
P01487 -20.337  20.745 5.85e-16 3.90e-16 2.04e-16   0.001   -0.96
P04276 -20.285  19.803 2.66e-17 2.51e-17 1.96e-17   0.001   -0.74
P02414 -20.400  20.481 1.71e-14 8.09e-15 3.76e-15   0.000   -0.96
P00029 -20.185  24.361 1.58e-16 1.33e-16 7.65e-17   0.000   -1.22
P03445 -20.298  20.522 2.10e-16 1.41e-16 8.88e-17   0.003   -0.98
P03728 -20.047  25.324 1.05e-15 6.31e-16 3.48e-16   0.002   -1.19
P02363 -20.109  22.430 1.02e-14 5.44e-15 2.33e-15   0.001   -1.40
P04757 -19.965  22.530 9.48e-17 7.57e-17 4.86e-17   0.001   -1.41
P01590 -19.832  20.897 8.08e-17 5.75e-17 4.09e-17   0.001   -1.08
P01520 -19.744  27.343 9.12e-16 5.82e-16 3.28e-16   0.001   -1.18
P04338 -19.774  20.441 1.35e-15 7.77e-16 4.18e-16   0.002   -0.86
P04601 -19.699  29.530 2.93e-16 2.27e-16 1.34e-16   0.003   -1.11
P00022 -19.656  20.844 1.54e-14 4.90e-14 1.08e-13   0.002   -1.02
P04286 -19.577  23.770 7.95e-17 6.10e-17 4.60e-17   0.000   -1.35
P01817 -19.392  20.784 1.45e-15 8.73e-16 4.40e-16  -0.000   -1.06
P03012 -19.243  23.178 1.94e-17 1.97e-17 1.62e-17   0.002   -1.46
P04574 -19.278  21.490 5.51e-17 5.00e-17 3.17e-17   0.001   -1.30
P03652 -19.188  20.485 4.14e-15 2.11e-15 1.06e-15  -0.000   -0.98
P00307 -19.055  21.911 1.54e-17 6.73e-18 2.91e-18   0.001   -1.33
P01690 -19.009  23.181 3.67e-17 3.71e-17 2.83e-17   0.001   -1.51
P03995 -18.932  22.681 1.01e-16 7.96e-17 4.86e-17   0.001   -1.49
P00790 -19.108  20.590 4.39e-16 2.88e-16 1.58e-16   0.002   -1.06
P00902 -19.038  20.810 9.40e-15 4.88e-15 2.31e-15   0.003   -1.13
P03448 -18.973  21.086 1.93e-14 1.05e-14 4.13e-15   0.001   -1.13
P03145 -18.979  24.254 2.43e-17 2.37e-17 1.93e-17   0.002   -1.36
P01578 -18.838  21.558 1.28e-17 5.83e-18 2.46e-18  -0.000   -1.29
P02779 -18.844  21.329 4.15e-15 2.29e-15 1.11e-15   0.002   -1.22
P04750 -18.462  24.024 1.15e-16 9.85e-17 5.95e-17   0.001   -1.47
P02819 -18.262  22.541 6.53e-16 4.28e-16 2.46e-16   0.002   -1.39
P02210 -18.253  21.674 3.06e-16 2.30e-16 1.28e-16   0.002   -1.30
P01263 -18.100  24.864 3.87e-16 2.64e-16 1.55e-16   0.002   -1.61
P04327 -17.902  17.564 8.08e-17 6.54e-17 4.01e-17   0.002   -0.51
P03919 -17.752  21.785 6.90e-16 4.44e-16 2.33e-16   0.000   -1.25
P05049 -17.226  26.148 7.88e-16 5.03e-16 2.60e-16   0.002   -1.47
P04447 -16.495  18.561 8.68e-16 5.14e-16 2.75e-16   0.000   -0.65
P04663 -16.668  25.118 9.20e-15 4.70e-15 2.47e-15   0.001   -1.58
P01040 -15.829  21.793 4.47e-16 2.98e-16 1.64e-16   0.000   -1.12
