name x y flux0 flux1 flux2 width rv
F02790  -4.659 -26.415 5.99e-17 4.19e-17 2.95e-17 37.70 1224.62
F02794  -4.612 -26.553 1.09e-17 1.07e-17 6.28e-18 23.15 1224.53
F02774  -4.527 -26.443 5.03e-17 3.32e-17 1.96e-17 22.60 1224.55
F02796  -4.520 -26.468 4.73e-17 3.13e-17 2.28e-17 31.71 1224.62
F02789  -4.519 -26.355 2.49e-17 2.69e-17 1.46e-17 24.30 1224.65
F02773  -4.516 -26.473 2.47e-17 1.47e-17 1.31e-17 29.48 1224.57
F02783  -4.515 -26.420 3.75e-17 3.66e-17 1.80e-17 30.20 1224.73
F02776  -4.505 -26.408 9.11e-17 8.32e-17 4.51e-17 29.46 1224.54
F02797  -4.499 -26.429 3.66e-17 2.67e-17 1.86e-17 33.05 1224.64
F02784  -4.499 -26.435 4.06e-17 2.41e-17 1.80e-17 27.35 1224.59
F02777  -4.498 -26.414 7.22e-17 5.23e-17 3.55e-17 30.76 1224.62
F02787  -4.496 -26.433 3.57e-17 2.50e-17 2.19e-17 38.57 1224.60
F02786  -4.494 -26.823 5.45e-17 3.71e-17 2.59e-17 30.10 1224.68
F02778  -4.492 -26.411 6.77e-17 5.14e-17 2.81e-17 25.68 1224.60
F02782  -4.491 -26.433 3.41e-17 2.36e-17 1.59e-17 27.25 1224.72
F02793  -4.488 -26.311 4.76e-17 2.42e-17 2.32e-17 22.43 1224.55
F02780  -4.480 -26.414 5.20e-17 3.39e-17 2.49e-17 23.44 1224.56
F02788  -4.478 -26.367 6.34e-17 4.16e-17 3.14e-17 26.54 1224.69
F02779  -4.445 -26.353 7.55e-17 4.03e-17 2.71e-17 36.15 1224.73
F02795  -4.445 -26.401 4.59e-17 2.68e-17 1.61e-17 31.65 1224.57
F02781  -4.423 -26.423 3.78e-17 3.18e-17 2.23e-17 21.23 1224.59
F02792  -4.414 -26.529 6.84e-17 4.32e-17 4.16e-17 17.78 1224.68
F02775  -4.293 -26.362 1.64e-17 1.47e-17 8.39e-18 31.72 1224.57
F02785  -4.228 -26.049 2.36e-17 2.03e-17 1.36e-17 31.93 1224.77
F02791  -3.712 -26.413 7.24e-17 6.03e-17 4.15e-17 23.70 1224.43
F00537  -1.682 -27.881 2.08e-17 1.30e-17 9.61e-18 13.14 2239.09
F00548  -1.596 -27.873 1.69e-17 1.56e-17 1.03e-17 16.22 2239.03
F00541  -1.583 -27.961 1.53e-17 1.31e-17 7.59e-18 13.61 2239.19
F00526  -1.582 -27.902 1.68e-17 1.31e-17 9.71e-18 16.20 2239.11
F00531  -1.579 -27.825 2.15e-17 1.83e-17 1.05e-17 14.37 2239.12
F00546  -1.572 -27.886 3.00e-17 1.41e-17 1.31e-17 19.75 2239.29
F00545  -1.571 -27.888 2.04e-17 1.72e-17 1.03e-17 14.23 2239.03
F00538  -1.571 -27.936 2.52e-17 1.90e-17 9.07e-18 18.02 2239.26
F00536  -1.566 -27.961 1.52e-17 1.10e-17 6.89e-18 16.59 2239.23
F00550  -1.562 -27.888 2.24e-17 1.42e-17 1.30e-17 13.67 2239.09
F00530  -1.562 -27.860 2.66e-17 1.33e-17 9.73e-18 18.25 2239.18
F00527  -1.551 -27.874 1.62e-17 1.04e-17 8.81e-18 15.76 2239.12
F00544  -1.551 -27.849 1.41e-17 1.00e-17 6.35e-18 16.00 2238.96
