name x y flux0 flux1 flux2 width rv
F05433   0.391  32.454 5.90e-17 4.16e-17 3.26e-17 24.08 1344.47
F05423   0.403  32.318 7.23e-17 5.00e-17 3.13e-17 27.73 1344.26
F05424   0.578  32.516 7.29e-17 5.47e-17 3.54e-17 23.82 1344.42
F05431   0.753  32.146 3.03e-17 2.17e-17 1.52e-17 24.37 1344.46
F05429   0.787  32.453 5.01e-17 3.54e-17 2.52e-17 23.24 1344.51
F05434   0.791  32.455 1.77e-17 1.26e-17 7.94e-18 19.17 1344.59
F05421   0.816  32.320 3.60e-17 2.03e-17 1.57e-17 20.49 1344.41
F05419   0.817  32.372 4.97e-17 3.73e-17 2.38e-17 19.59 1344.44
F05414   0.831  32.435 6.13e-17 4.31e-17 3.19e-17 28.22 1344.49
F05415   0.842  32.392 3.54e-17 2.49e-17 1.70e-17 29.68 1344.50
F05425   0.847  32.400 3.03e-17 2.28e-17 1.58e-17 28.20 1344.53
F05417   0.854  32.393 3.51e-17 2.36e-17 1.58e-17 26.88 1344.44
F05432   0.855  32.417 2.40e-17 1.93e-17 1.30e-17 21.95 1344.51
F05416   0.859  32.360 5.58e-17 4.15e-17 2.73e-17 24.16 1344.32
F05426   0.871  32.282 2.03e-17 1.35e-17 9.64e-18 28.17 1344.63
F05418   0.877  32.221 5.30e-17 3.73e-17 2.53e-17 24.48 1344.65
F05430   0.878  32.399 6.51e-17 4.58e-17 3.39e-17 30.10 1344.64
F05437   0.879  32.452 3.05e-17 2.11e-17 1.49e-17 28.18 1344.53
F05439   0.881  32.389 3.47e-17 2.19e-17 1.40e-17 25.70 1344.52
F05428   0.890  32.355 3.96e-17 2.66e-17 1.93e-17 33.62 1344.49
F05420   0.893  32.405 4.46e-17 3.11e-17 2.36e-17 23.63 1344.63
F05441   0.901  32.466 1.63e-17 1.05e-17 7.26e-18 27.38 1344.37
F05435   0.912  32.331 1.99e-17 1.29e-17 8.64e-18 34.85 1344.58
F05422   1.000  32.458 6.08e-17 4.31e-17 2.53e-17 19.07 1344.49
F05438   1.008  32.362 2.55e-17 1.64e-17 1.04e-17 22.73 1344.64
F05427   1.011  32.503 3.27e-17 2.08e-17 1.40e-17 15.05 1344.54
F05440   1.169  32.144 4.71e-17 3.21e-17 2.18e-17 23.56 1344.37
F02360  12.324  44.607 1.52e-17 1.24e-17 6.48e-18 13.12 2224.12
F02365  12.459  44.469 1.43e-17 1.07e-17 6.08e-18 18.69 2224.12
F02362  12.497  44.582 1.48e-17 1.06e-17 6.79e-18 12.89 2224.22
F02367  12.504  44.631 1.80e-17 1.13e-17 7.72e-18 14.40 2224.12
F02359  12.508  44.528 1.52e-17 1.16e-17 7.47e-18 15.19 2224.19
F02352  12.540  44.560 2.12e-17 1.37e-17 1.01e-17 16.74 2224.23
F02369  12.544  44.575 1.28e-17 1.05e-17 5.88e-18 16.22 2224.14
F02358  12.558  44.554 1.87e-17 1.37e-17 9.21e-18 19.04 2224.13
F02351  12.559  44.571 1.84e-17 1.51e-17 8.99e-18 14.12 2223.89
F02355  12.562  44.554 1.79e-17 1.04e-17 7.16e-18 14.24 2224.19
F02378  12.586  44.588 1.66e-17 1.25e-17 8.22e-18 14.25 2223.93
F02350  12.592  44.588 1.82e-17 1.28e-17 8.07e-18 17.34 2224.34
F02372  12.604  44.577 1.19e-17 1.00e-17 5.96e-18 19.61 2224.24
F02370  12.632  44.593 1.76e-17 1.38e-17 8.72e-18 16.83 2224.16
F02361  12.668  44.586 1.87e-17 1.42e-17 1.01e-17 15.38 2224.18
F02377  12.721  44.479 2.10e-17 1.69e-17 1.13e-17 16.68 2224.11
