name x y flux0 flux1 flux2 width rv
F02646  33.637  39.674 1.62e-17 1.28e-17 6.53e-18 12.23 2296.90
F02641  33.659  39.419 1.64e-17 1.13e-17 7.27e-18 12.02 2296.87
F02642  33.737  39.582 1.35e-17 1.10e-17 7.20e-18 16.86 2296.96
F02632  33.763  39.604 1.38e-17 1.05e-17 6.86e-18 18.36 2296.91
F02659  33.777  39.703 1.33e-17 1.01e-17 6.32e-18 15.77 2296.97
F02645  33.780  39.472 1.50e-17 1.06e-17 7.76e-18 15.05 2296.81
F02653  33.786  39.623 1.36e-17 1.18e-17 7.86e-18 15.95 2297.05
F02638  33.834  39.725 2.51e-17 1.93e-17 1.23e-17 14.74 2296.99
F02630  33.874  39.611 1.60e-17 1.17e-17 7.18e-18 14.74 2297.00
F02635  34.096  39.958 1.95e-17 1.37e-17 9.43e-18 16.08 2296.88
