name x y flux0 flux1 flux2 width rv
F02054  12.880  20.358 2.08e-17 1.30e-17 7.76e-18 19.21 1950.88
F02050  12.889  20.267 2.89e-17 1.73e-17 1.24e-17 23.18 1951.06
F02042  12.893  20.267 2.86e-17 2.07e-17 1.25e-17 20.02 1950.82
F02061  12.907  20.486 2.03e-17 1.92e-17 1.21e-17 19.79 1950.96
F02052  12.944  20.395 1.42e-17 1.16e-17 5.06e-18 16.45 1950.88
F02040  12.971  20.354 4.13e-17 2.98e-17 1.77e-17 17.92 1950.85
F02074  12.972  20.365 1.48e-17 1.01e-17 7.43e-18 17.14 1950.83
F02057  12.973  20.354 2.17e-17 1.46e-17 1.11e-17 14.35 1951.06
F02063  12.973  20.368 1.60e-17 1.24e-17 9.86e-18 19.79 1950.88
F02070  12.978  20.320 2.14e-17 1.65e-17 1.11e-17 15.50 1950.82
F02043  12.982  20.377 1.24e-17 1.15e-17 7.46e-18 16.50 1950.94
F02064  12.983  20.323 1.62e-17 1.24e-17 8.25e-18 23.84 1950.70
F02053  13.004  20.321 2.81e-17 2.23e-17 1.36e-17 15.44 1950.88
F02049  13.008  20.509 2.35e-17 1.87e-17 1.12e-17 22.13 1950.99
F02055  13.010  20.363 1.17e-17 1.06e-17 7.28e-18 22.06 1951.03
F02066  13.044  20.549 2.64e-17 1.77e-17 1.23e-17 14.80 1950.89
F02072  13.045  20.267 2.38e-17 1.75e-17 1.12e-17 21.11 1950.91
F02067  13.055  20.387 1.59e-17 1.18e-17 8.81e-18 19.82 1951.04
F02060  13.068  20.364 2.04e-17 1.79e-17 8.38e-18 19.28 1950.99
F02039  13.095  20.369 1.82e-17 1.35e-17 7.58e-18 17.31 1950.84
F02062  13.139  20.219 2.51e-17 1.77e-17 1.06e-17 15.82 1950.96
F03514  13.272  26.880 3.91e-17 2.94e-17 2.02e-17 19.16 1631.21
F03513  13.299  26.941 2.37e-17 1.98e-17 1.35e-17 18.26 1631.13
F03517  13.335  26.955 1.70e-17 1.33e-17 8.14e-18 20.38 1631.01
F03521  13.357  26.924 2.69e-17 1.78e-17 1.28e-17 23.17 1631.31
F03516  13.386  26.908 2.09e-17 1.83e-17 9.86e-18 22.63 1631.07
F03499  13.393  26.817 2.84e-17 1.77e-17 1.18e-17 18.79 1631.15
F03512  13.399  26.990 3.35e-17 2.10e-17 1.65e-17 16.25 1631.11
F03508  13.410  26.887 2.23e-17 1.80e-17 1.15e-17 27.84 1631.30
F03503  13.412  26.907 3.47e-17 2.33e-17 1.69e-17 20.54 1631.12
F03507  13.412  26.913 4.65e-17 2.67e-17 1.90e-17 18.77 1631.08
F03510  13.414  26.890 3.35e-17 2.18e-17 1.41e-17 23.03 1631.08
F03505  13.414  26.908 3.04e-17 2.72e-17 1.63e-17 21.27 1631.17
F03522  13.416  26.925 2.05e-17 1.36e-17 8.87e-18 17.94 1631.01
F03504  13.417  26.886 2.50e-17 1.61e-17 1.30e-17 14.19 1631.07
F03511  13.418  26.910 3.17e-17 2.27e-17 1.34e-17 22.59 1631.04
F03520  13.419  26.916 2.50e-17 1.99e-17 1.13e-17 22.36 1631.05
F03509  13.425  26.927 2.85e-17 1.84e-17 1.32e-17 19.14 1631.06
F03501  13.432  26.872 2.15e-17 1.64e-17 1.20e-17 20.41 1631.10
F03502  13.433  26.908 2.42e-17 1.80e-17 1.46e-17 19.88 1631.02
F03500  13.462  26.923 4.47e-17 2.74e-17 2.07e-17 11.89 1631.17
