name x y flux1 flux2 flux3 par rv
P01248   1.394  23.226 6.56e-12 3.61e-12 1.73e-12   0.006    0.42
P02800   1.781  29.472 7.02e-15 5.20e-15 2.80e-15   0.006    1.37
P00664   5.689  22.323 4.37e-14 3.68e-14 3.25e-14   0.042    0.17
P01971   6.070  23.739 2.26e-13 1.30e-13 6.49e-14   0.012    0.27
P02808   6.414  20.964 9.07e-14 6.87e-14 4.21e-14   0.028    0.25
P03797   6.806  23.732 1.41e-11 7.87e-12 3.79e-12   0.068    0.14
P00012   9.242  28.770 6.59e-16 6.46e-16 5.27e-16   0.007    1.35
P02225   9.736  16.812 7.64e-13 5.69e-13 3.25e-13   0.057    0.17
P00465  11.607  24.017 1.03e-10 7.11e-11 3.74e-11   0.018    0.29
P01402  12.464  17.861 3.63e-14 4.00e-14 3.10e-14   0.053    0.19
P00513  12.995  20.498 8.26e-14 4.00e-14 1.86e-14   0.005    1.44
P00496  13.182  27.640 2.13e-13 1.27e-13 6.79e-14   0.019    0.28
