name x y flux0 flux1 flux2 width rv
F03563   4.705 -37.988 4.72e-17 3.28e-17 1.94e-17 40.56  819.62
F03575   4.802 -38.057 1.54e-16 8.59e-17 6.41e-17 41.46  819.77
F03553   4.897 -37.916 7.74e-17 5.55e-17 3.43e-17 41.30  819.75
F03557   5.033 -37.624 1.50e-16 5.66e-17 5.08e-17 33.91  819.62
F03577   5.056 -38.080 1.07e-16 6.19e-17 4.39e-17 46.69  819.75
F03568   5.093 -37.935 8.40e-17 7.84e-17 4.27e-17 45.23  819.88
F03554   5.105 -37.881 1.35e-16 8.56e-17 6.22e-17 46.40  819.74
F03552   5.134 -37.916 1.22e-16 1.21e-16 5.94e-17 49.11  819.70
F03555   5.147 -38.072 1.82e-16 8.93e-17 8.10e-17 41.69  819.59
F03565   5.152 -37.983 1.24e-16 8.21e-17 5.04e-17 36.81  819.89
F03567   5.169 -38.104 2.93e-17 2.14e-17 1.23e-17 40.18  819.66
F03578   5.194 -38.011 6.63e-17 5.22e-17 3.98e-17 29.23  819.71
F03569   5.202 -38.016 6.84e-17 4.79e-17 3.76e-17 50.47  820.02
F03564   5.205 -38.056 1.45e-16 9.68e-17 6.74e-17 38.79  819.77
F03556   5.213 -38.016 1.12e-16 6.98e-17 4.59e-17 50.10  819.78
F03562   5.216 -38.032 2.48e-17 1.95e-17 1.28e-17 40.14  819.65
F03571   5.218 -37.980 2.46e-17 1.60e-17 1.47e-17 32.77  819.71
F03558   5.220 -38.034 1.30e-16 7.82e-17 5.82e-17 42.36  819.76
F03551   5.227 -38.014 1.57e-16 9.31e-17 7.32e-17 27.35  819.73
F03559   5.257 -38.005 5.03e-17 2.76e-17 1.07e-17 32.46  819.61
F03560   5.269 -37.992 9.93e-17 1.25e-16 5.46e-17 38.85  819.88
F03570   5.293 -37.927 1.36e-16 1.26e-16 6.15e-17 50.20  819.67
F03566   5.309 -37.725 7.58e-17 4.28e-17 3.65e-17 44.93  819.72
F03561   5.314 -38.042 1.63e-16 1.19e-16 8.70e-17 46.81  819.53
F03549   5.326 -37.987 1.03e-16 5.31e-17 4.99e-17 34.33  819.73
F03550   5.364 -38.049 1.38e-16 7.13e-17 4.91e-17 48.19  819.71
F03576   5.407 -38.054 5.26e-17 4.97e-17 4.13e-17 33.66  819.77
F03573   5.479 -38.011 1.52e-16 7.17e-17 4.92e-17 42.34  819.77
F03572   5.535 -38.383 7.62e-17 4.76e-17 4.29e-17 45.10  819.60
F03574   5.744 -38.521 1.57e-16 9.89e-17 7.34e-17 49.93  819.76
