name x y flux0 flux1 flux2 width rv
F03927  -6.047 -33.094 2.32e-17 2.43e-17 1.41e-17 29.78 1167.61
F03928  -5.982 -33.283 4.62e-17 4.13e-17 1.55e-17 31.62 1167.44
F03924  -5.981 -33.365 2.04e-17 1.38e-17 1.57e-17 33.82 1167.52
F03926  -5.975 -33.194 6.50e-17 4.14e-17 3.24e-17 30.58 1167.71
F03934  -5.939 -33.070 6.08e-17 4.99e-17 2.24e-17 27.28 1167.50
F03912  -5.920 -33.354 3.07e-17 1.25e-17 1.30e-17 28.38 1167.64
F03936  -5.883 -33.358 2.43e-17 2.18e-17 1.01e-17 26.27 1167.50
F03916  -5.877 -33.454 4.31e-17 4.40e-17 2.43e-17 34.87 1167.51
F03938  -5.874 -33.423 1.44e-16 6.01e-17 3.83e-17 28.49 1167.36
F03931  -5.871 -33.352 4.81e-17 4.12e-17 2.32e-17 32.61 1167.52
F03913  -5.864 -33.352 7.53e-17 4.53e-17 3.08e-17 35.90 1167.50
F03935  -5.860 -33.342 8.36e-17 5.82e-17 3.93e-17 31.28 1167.66
F03922  -5.848 -33.373 4.60e-17 2.61e-17 1.51e-17 25.10 1167.42
F03908  -5.845 -33.333 5.61e-17 4.16e-17 3.55e-17 31.08 1167.59
F03917  -5.844 -33.353 4.23e-17 2.74e-17 2.04e-17 34.81 1167.58
F03907  -5.842 -33.371 2.35e-17 2.32e-17 1.38e-17 27.31 1167.74
F03919  -5.840 -33.323 6.57e-17 3.35e-17 2.18e-17 26.20 1167.43
F03923  -5.835 -33.325 4.49e-17 4.44e-17 2.99e-17 40.16 1167.56
F03929  -5.829 -33.223 6.86e-17 4.99e-17 3.10e-17 32.03 1167.69
F03937  -5.828 -33.397 1.02e-16 5.25e-17 2.53e-17 22.22 1167.41
F03932  -5.825 -33.322 5.03e-17 4.51e-17 2.12e-17 31.40 1167.48
F03930  -5.821 -33.298 6.09e-17 2.54e-17 3.28e-17 33.17 1167.34
F03911  -5.819 -33.384 5.49e-17 3.15e-17 1.70e-17 29.93 1167.55
F03915  -5.817 -33.473 2.76e-17 1.52e-17 1.29e-17 29.83 1167.50
F03921  -5.775 -33.248 9.67e-17 4.99e-17 2.98e-17 30.75 1167.65
F03920  -5.741 -33.353 1.33e-16 4.93e-17 5.53e-17 35.54 1167.56
F03933  -5.728 -33.285 6.04e-17 4.06e-17 4.12e-17 35.43 1167.59
F03910  -5.708 -33.346 1.04e-16 7.63e-17 5.82e-17 26.25 1167.51
F03925  -5.698 -32.901 7.55e-17 4.52e-17 3.27e-17 22.19 1167.45
F03909  -5.354 -33.372 5.85e-17 4.44e-17 2.75e-17 28.01 1167.50
F05871  -0.201 -31.722 1.45e-17 1.01e-17 7.11e-18 16.49 2343.51
