name x y flux1 flux2 flux3 par rv
P04385  15.038  -3.153 4.35e-15 2.20e-15 1.11e-15   0.002    0.78
P00521  15.024  -3.431 1.46e-17 1.64e-17 9.07e-18   0.001    0.93
P01476  15.064  -3.051 1.29e-16 9.55e-17 4.99e-17   0.002    0.48
P02446  15.196  -2.944 6.90e-16 3.54e-16 1.62e-16   0.001    0.57
P03941  15.116  -3.358 5.38e-17 3.98e-17 2.61e-17   0.002    0.90
P00894  15.151  -3.109 1.64e-14 4.71e-14 8.49e-14  -0.001    0.88
P01531  15.093  -3.363 2.79e-17 2.54e-17 1.71e-17   0.000    0.91
P01924  15.243  -2.908 2.45e-15 1.28e-15 5.93e-16   0.001    0.54
P01063  15.053  -3.403 4.55e-15 2.09e-15 1.12e-15   0.001    0.81
P00598  15.264  -3.581 3.68e-16 2.35e-16 1.17e-16   0.003    0.85
P01310  15.166  -0.002 1.31e-17 1.30e-17 1.05e-17   0.002    0.46
P04128  15.168  -3.104 2.42e-17 2.16e-17 1.32e-17  -0.000    0.76
P01393  15.239  -2.958 2.08e-15 1.08e-15 5.68e-16   0.002    0.37
P04376  15.278  -3.006 3.30e-16 2.52e-16 1.29e-16   0.000    0.75
P00511  15.149  -2.495 1.59e-17 1.50e-17 1.11e-17   0.000    0.54
P03038  15.221  -3.183 3.06e-17 3.21e-17 1.80e-17   0.002    0.64
P03957  15.405  -1.697 3.91e-16 2.53e-16 1.40e-16   0.001    0.48
P03732  15.335  -2.980 8.45e-14 4.04e-14 1.69e-14   0.000    0.72
P00043  15.273  -3.189 6.94e-15 3.55e-15 1.41e-15   0.001    0.69
P01757  15.490  -2.626 3.18e-15 1.75e-15 8.95e-16   0.001    0.44
P02596  15.321  -2.932 1.02e-16 7.41e-17 3.90e-17   0.001    0.39
P00055  15.379  -2.995 1.25e-13 1.45e-13 1.32e-13   0.001    0.64
P02045  15.413  -3.405 5.11e-15 2.60e-15 1.05e-15   0.001    0.54
P03808  15.386  -2.797 1.85e-13 1.71e-13 1.39e-13  -0.000    0.43
P02482  15.211  -2.532 1.89e-13 1.36e-13 7.42e-14   0.002    0.49
P00976  15.486  -3.002 2.74e-16 1.90e-16 9.87e-17   0.001    0.73
P04911  15.358  -2.835 2.42e-16 1.47e-16 8.56e-17   0.002    0.44
P03514  15.468  -0.613 1.76e-13 1.08e-13 5.35e-14   0.002    0.48
P04437  15.317  -3.340 6.74e-16 3.61e-16 2.12e-16  -0.000    0.59
P03468  15.374  -2.987 1.55e-13 1.62e-13 1.17e-13  -0.001    0.41
P03043  15.465  -3.270 3.52e-17 2.88e-17 1.87e-17  -0.001    0.50
P03223  15.553  -2.865 2.31e-16 1.27e-16 8.61e-17   0.001    0.55
P04246  15.445  -3.086 6.01e-17 4.31e-17 2.70e-17   0.001    0.32
P04278  15.406  -2.506 1.37e-16 1.19e-16 5.25e-17   0.001    0.26
P02821  15.513  -2.868 4.25e-15 2.09e-15 1.09e-15  -0.000    0.58
P01555  15.625  -3.101 1.70e-13 8.71e-14 4.79e-14   0.002    0.30
P02750  15.455  -2.167 5.47e-17 5.00e-17 2.75e-17   0.001    0.16
P03793  15.535  -2.853 3.54e-17 2.52e-17 1.93e-17   0.001    0.27
P01440  15.453  -2.480 1.44e-17 1.26e-17 9.50e-18   0.002    0.39
P03616  15.560  -3.117 4.27e-15 2.24e-15 9.72e-16   0.001    0.55
P04572  15.695  -3.070 4.69e-17 3.48e-17 2.41e-17  -0.000    0.38
P02201  15.544  -2.912 3.52e-17 3.06e-17 1.67e-17  -0.000    0.38
P02121  15.616  -3.282 7.87e-15 3.68e-15 1.88e-15   0.002    0.28
P03553  15.629  -2.628 1.56e-13 1.69e-13 1.29e-13   0.001    0.37
P04469  15.557  -3.166 1.91e-17 1.59e-17 1.21e-17   0.000    0.43
P03832  15.651  -2.868 1.27e-13 7.53e-14 3.23e-14   0.000    0.38
P04771  15.558  -2.994 8.90e-15 4.90e-15 1.90e-15   0.001    0.36
P00211  15.590  -7.807 1.43e-15 7.53e-16 4.00e-16  -0.001    0.54
P01211  15.580  -3.217 1.81e-17 1.36e-17 1.06e-17   0.001    0.28
P00398  15.647  -2.824 5.27e-15 2.99e-15 1.36e-15  -0.000    0.21
P00954  15.620  -2.927 4.80e-17 3.79e-17 2.66e-17   0.001    0.19
P03908  15.692  -2.794 1.74e-15 9.45e-16 4.32e-16   0.001    0.15
P03432  15.544  -2.787 7.95e-16 4.71e-16 2.40e-16  -0.000    0.16
P03007  15.643  -3.190 9.73e-17 8.88e-17 4.43e-17   0.001    0.20
P01546  15.672  -2.887 1.18e-16 7.71e-17 4.90e-17   0.001    0.18
P00808  15.680  -2.868 8.12e-16 4.85e-16 2.39e-16  -0.001    0.17
P02848  15.537  -3.162 2.28e-14 5.61e-14 9.66e-14  -0.000    0.19
P04474  15.591  -3.487 1.05e-15 5.18e-16 2.88e-16   0.000    0.38
P02476  15.703  -3.381 1.64e-17 1.20e-17 1.01e-17   0.002    0.19
P02537  15.589  -2.599 1.41e-16 9.88e-17 5.73e-17  -0.000   -0.02
P02557  15.682  -2.974 1.91e-16 1.38e-16 8.90e-17  -0.000    0.12
P02619  15.595  -2.851 2.85e-15 1.50e-15 7.36e-16   0.000   -0.01
P04293  15.611  -3.435 9.59e-15 5.56e-15 1.92e-15   0.002    0.24
P02141  15.662  -3.433 1.84e-13 1.93e-13 1.27e-13  -0.001    0.24
P03233  15.669  -3.085 2.77e-17 2.37e-17 1.50e-17   0.000    0.12
P00251  15.725  -3.203 5.28e-15 2.09e-15 1.15e-15   0.002    0.08
P01964  15.592  -3.081 6.20e-17 4.64e-17 3.04e-17  -0.001   -0.01
P03598  15.706  -2.959 1.87e-17 1.63e-17 1.06e-17   0.002   -0.04
P04517  15.783  -3.097 1.53e-15 8.06e-16 4.51e-16   0.001    0.11
P03196  15.732  -3.020 2.01e-17 1.83e-17 1.22e-17  -0.000   -0.08
P02388  15.712  -3.175 3.03e-16 1.92e-16 1.10e-16   0.001   -0.09
P02815  15.854  -2.836 7.12e-17 4.93e-17 3.56e-17  -0.000    0.08
P02788  15.635  -3.096 4.52e-15 2.18e-15 1.03e-15   0.002   -0.08
P00986  15.717  -2.815 5.62e-15 2.77e-15 1.26e-15   0.002   -0.11
P00534  15.683  -2.933 4.86e-15 1.86e-14 5.07e-14  -0.001    0.09
P00418  15.645  -2.818 6.43e-15 2.76e-15 1.30e-15   0.002    0.12
P04472  15.831  -2.951 1.31e-16 8.44e-17 5.74e-17   0.001   -0.02
P00528  15.761  -2.998 1.02e-15 6.19e-16 3.12e-16   0.003   -0.02
P00151  15.719  -3.082 4.14e-17 3.34e-17 1.87e-17   0.001    0.08
P03294  15.821  -2.968 5.00e-17 3.86e-17 2.44e-17   0.000   -0.05
P04035  15.701  -2.816 2.85e-17 2.58e-17 1.90e-17   0.002    0.01
P03861  15.840  -1.009 1.13e-15 6.41e-16 3.08e-16   0.001    0.51
P04873  15.800  -2.847 7.61e-16 5.46e-16 2.38e-16   0.000    0.14
P03611  15.799  -2.996 4.39e-16 2.69e-16 1.43e-16   0.002   -0.11
P01611  15.736  -3.077 4.60e-16 2.72e-16 1.62e-16   0.001   -0.08
P04678  15.937  -2.950 2.66e-15 1.22e-15 6.21e-16   0.002    0.12
P01877  15.782  -2.858 6.62e-16 4.70e-16 2.26e-16   0.000   -0.15
P03292  15.781  -3.002 1.76e-13 1.13e-13 6.74e-14  -0.000   -0.16
P00203  15.882  -2.658 2.18e-15 9.60e-16 6.02e-16   0.001   -0.17
P01744  15.806  -0.572 2.48e-17 2.08e-17 1.57e-17   0.000    0.42
P03291  15.926  -3.277 8.08e-17 5.61e-17 3.61e-17   0.001   -0.12
P04345  15.868  -3.073 8.72e-14 3.89e-14 2.01e-14  -0.001    0.05
P00980  15.997  -3.333 5.74e-17 5.04e-17 3.25e-17   0.001   -0.26
P01521  15.950  -2.768 1.96e-17 1.65e-17 1.26e-17   0.003    0.07
P01544  16.050  -2.853 1.65e-15 1.07e-15 5.51e-16   0.000   -0.31
P04666  15.926  -2.855 2.56e-17 2.13e-17 1.40e-17   0.003   -0.03
P03642  15.845  -2.957 5.72e-17 3.99e-17 2.66e-17   0.002   -0.16
P01803  15.855  -2.944 6.38e-17 4.61e-17 2.78e-17   0.001    0.03
P02962  15.872  -2.829 6.94e-16 4.26e-16 2.02e-16   0.001   -0.13
P04944  15.940  -3.012 9.39e-14 4.97e-14 2.19e-14   0.000    0.05
P01125  15.938  -3.093 9.71e-15 5.00e-15 2.11e-15   0.000    0.02
P02068  15.848  -2.677 4.16e-16 2.85e-16 1.41e-16   0.003   -0.21
P01079  15.902  -3.157 8.33e-16 5.09e-16 2.93e-16   0.001   -0.12
P00512  16.031  -2.887 1.09e-17 9.50e-18 6.79e-18  -0.000   -0.32
P03877  15.988  -3.003 1.95e-17 1.52e-17 1.03e-17   0.000   -0.22
P00063  16.087  -0.508 1.08e-15 6.23e-16 2.91e-16   0.001    0.39
P03154  15.973  -2.883 7.41e-15 3.36e-15 1.56e-15  -0.000   -0.35
P03794  16.068  -3.096 1.16e-13 7.18e-14 3.30e-14   0.002   -0.43
P01363  16.132  -2.908 3.46e-16 2.09e-16 1.22e-16   0.000   -0.29
P04805  16.124  -3.077 3.63e-16 2.30e-16 1.14e-16  -0.001   -0.37
P03567  16.051  -3.181 1.10e-14 5.85e-15 2.41e-15   0.002   -0.20
P04814  16.159  -3.136 1.98e-16 1.13e-16 8.61e-17  -0.001   -0.33
P01631  16.246  -2.712 2.17e-13 1.62e-13 8.96e-14   0.001   -0.08
P04176  16.035  -2.754 9.62e-17 7.40e-17 4.78e-17   0.001   -0.11
P02524  16.062  -3.023 1.04e-17 9.84e-18 7.65e-18   0.001   -0.44
P04260  16.110  -2.815 2.74e-15 1.14e-15 6.18e-16   0.000   -0.49
P01121  16.159  -3.013 1.51e-16 9.60e-17 5.32e-17   0.001   -0.10
P01406  16.274  -3.080 1.35e-13 5.89e-14 2.92e-14   0.001   -0.11
P02873  16.014  -3.053 5.71e-15 2.56e-15 1.22e-15   0.000   -0.13
P04598  16.239  -3.718 1.38e-15 8.57e-16 3.94e-16  -0.000   -0.22
P02624  15.996  -0.075 1.36e-15 6.38e-16 3.59e-16   0.001    0.40
P04329  16.244  -2.368 3.62e-15 1.87e-15 8.13e-16   0.002   -0.34
P05031  16.168  -2.896 9.39e-17 6.74e-17 4.14e-17  -0.000   -0.09
P03357  16.189  -3.142 5.05e-16 3.03e-16 1.91e-16   0.000   -0.03
P05112  16.341  -2.957 1.81e-17 1.63e-17 1.23e-17   0.002   -0.27
P05063  16.215  -2.759 2.37e-16 1.40e-16 8.71e-17  -0.000   -0.56
P03408  16.281  -0.376 1.63e-13 9.23e-14 4.21e-14   0.003    0.43
P00885  16.286  -1.514 4.51e-17 3.62e-17 2.41e-17   0.001    0.47
P02094  16.240  -2.808 1.17e-13 6.70e-14 3.14e-14   0.002   -0.23
P01011  16.385  -2.846 4.36e-16 2.86e-16 1.56e-16   0.002   -0.13
P04626  16.374  -2.809 5.82e-16 3.66e-16 1.93e-16   0.001   -0.56
P01745  16.388  -2.985 1.75e-13 1.81e-13 1.36e-13   0.001   -0.31
P03456  16.382  -2.904 2.33e-15 1.06e-15 6.14e-16   0.002   -0.35
P03261  16.514  -2.818 1.03e-16 7.26e-17 4.19e-17   0.002   -0.30
P03913  16.533  -2.948 7.31e-14 3.71e-14 1.64e-14   0.001   -0.52
P03914  16.523  -0.086 1.38e-17 1.44e-17 1.12e-17   0.000    0.38
P02113  16.431  -3.452 2.07e-17 2.02e-17 1.35e-17  -0.000   -0.47
P04932  16.488  -0.979 1.72e-16 1.16e-16 7.19e-17  -0.001    0.42
P03673  16.510  -2.704 6.30e-17 5.13e-17 2.96e-17  -0.000   -0.34
P02805  16.611  -3.004 6.60e-17 4.72e-17 3.48e-17   0.002   -0.48
P02737  16.572  -2.893 1.14e-16 7.86e-17 4.78e-17   0.002   -0.55
P02033  16.580  -2.792 1.81e-13 9.12e-14 5.32e-14   0.002   -0.67
P04606  16.540  -2.911 1.44e-15 8.23e-16 3.70e-16   0.000   -0.58
P04366  16.572  -2.749 2.09e-13 1.56e-13 1.07e-13  -0.001   -0.67
P02037  16.581  -2.962 1.07e-13 5.10e-14 2.13e-14   0.001   -0.43
P04558  16.785  -2.925 4.74e-16 2.84e-16 1.66e-16   0.001   -0.63
P02323  16.724  -2.895 8.63e-17 5.70e-17 3.20e-17  -0.001   -0.47
P01490  16.694  -3.120 2.89e-16 1.84e-16 9.97e-17   0.001   -0.67
P01623  16.759  -2.849 5.10e-17 3.79e-17 2.33e-17   0.001   -0.28
P04231  16.576  -3.164 3.39e-17 2.97e-17 2.00e-17   0.001   -0.62
P01987  16.702  -2.982 7.50e-14 3.74e-14 1.89e-14   0.002   -0.63
P01837  16.891  -2.574 5.41e-16 2.96e-16 1.65e-16   0.000   -0.76
P00370  16.870  -2.866 5.95e-14 9.83e-14 1.19e-13  -0.001   -0.76
P03216  16.928  -2.650 4.77e-17 3.77e-17 2.25e-17   0.002   -0.34
P03068  16.877  -2.959 7.14e-15 4.13e-15 1.85e-15  -0.000   -0.28
P01359  17.144  -3.116 1.93e-16 1.23e-16 6.53e-17   0.001   -0.74
P00914  16.939  -2.741 3.48e-15 1.83e-15 8.66e-16   0.002   -0.49
P01477  16.992  -3.082 4.18e-17 2.61e-17 2.08e-17   0.001   -0.76
P00550  17.107  -2.918 1.63e-17 1.44e-17 1.22e-17   0.000   -0.75
P03334  17.028  -0.160 1.01e-17 9.76e-18 9.60e-18   0.001    0.46
P03705  17.136  -2.902 3.85e-17 3.02e-17 1.87e-17   0.002   -0.61
P03195  17.205  -2.974 2.35e-16 1.58e-16 9.62e-17   0.001   -0.67
P04432  17.372  -2.952 1.84e-15 9.19e-16 5.03e-16   0.002   -0.84
P02697  17.500  -2.931 1.05e-17 1.09e-17 8.10e-18   0.001   -0.54
P02472  17.567  -2.701 1.60e-17 1.33e-17 1.08e-17   0.003   -0.62
P00202  17.574  -2.809 5.55e-15 2.53e-15 1.03e-15   0.001   -0.27
P04913  17.772  -3.661 3.04e-16 2.00e-16 1.04e-16   0.000   -0.89
P01806  17.801  -2.384 2.43e-16 1.52e-16 8.74e-17   0.000   -0.52
P03596  17.967  -2.777 2.02e-17 1.66e-17 1.12e-17   0.001   -0.80
P01738  17.830  -4.510 7.35e-15 3.82e-15 1.76e-15   0.000    0.45
P00005  17.899  -2.782 4.96e-17 4.06e-17 2.71e-17  -0.001   -0.93
P01869  17.940  -2.787 6.82e-17 4.20e-17 2.91e-17   0.001   -0.91
P03185  18.024  -2.775 1.21e-15 6.41e-16 3.48e-16   0.002   -0.94
P03552  17.903  -3.074 1.19e-15 6.32e-16 3.26e-16   0.002   -0.96
P02831  18.100  -2.792 1.10e-15 8.60e-16 3.63e-16  -0.001   -1.01
P01672  18.120  -2.347 8.37e-14 5.22e-14 2.10e-14  -0.000   -0.47
P04079  18.071  -2.775 4.10e-15 2.23e-15 1.06e-15  -0.000    0.44
P02577  18.272  -2.613 1.83e-17 1.74e-17 1.23e-17  -0.001   -0.95
P00199  18.161  -2.908 8.35e-15 4.53e-15 1.69e-15   0.000   -1.00
P02902  18.431  -1.116 6.41e-16 2.95e-16 1.32e-16   0.001   -0.47
P00039  18.616  -0.540 2.01e-16 1.43e-16 8.30e-17   0.001    0.32
P02879  18.597  -1.688 2.40e-17 1.69e-17 9.56e-18   0.000   -0.68
P00535  19.083  -3.186 2.75e-15 1.52e-15 6.40e-16  -0.000   -0.37
P03274  19.148  -2.822 1.44e-13 1.29e-13 1.04e-13   0.001   -0.50
P01267  19.213  -1.772 2.38e-17 1.97e-17 1.31e-17   0.002    0.39
P03580  19.187  -2.789 1.15e-14 4.48e-15 2.21e-15   0.001   -0.80
P03045  19.171  -0.583 3.60e-16 2.10e-16 8.07e-17  -0.000   -0.67
P00314  19.379  -2.278 9.56e-16 4.34e-16 2.14e-16  -0.001   -0.83
P00440  19.374  -1.056 6.65e-16 3.44e-16 1.68e-16   0.000   -0.76
P03326  19.414  -2.452 1.01e-17 9.32e-18 7.28e-18  -0.000   -0.60
P02112  19.316  -0.289 1.09e-17 7.29e-18 4.43e-18  -0.000   -0.57
P00806  19.460  -0.157 8.84e-17 5.25e-17 2.83e-17   0.001   -0.57
P01524  19.345  -1.086 1.53e-16 1.02e-16 4.19e-17  -0.002   -0.76
P01376  19.423  -2.843 2.07e-15 1.29e-15 4.88e-16  -0.001    0.41
P01801  19.574  -0.084 6.80e-17 3.62e-17 1.75e-17   0.001   -0.60
P03969  19.717  -0.377 8.80e-17 4.62e-17 2.38e-17  -0.000   -0.68
P04864  19.758  -2.769 1.48e-16 9.97e-17 5.91e-17   0.002   -0.74
P02243  20.094  -0.274 1.23e-16 7.04e-17 3.37e-17   0.002   -0.57
P02330  20.066  -0.162 2.62e-17 1.57e-17 9.16e-18   0.001   -0.53
P00323  20.455  -0.596 4.09e-17 2.87e-17 1.59e-17  -0.001   -0.39
P00723  20.713  -2.753 5.03e-15 2.76e-15 1.16e-15   0.000   -0.95
P01144  21.475  -2.654 5.66e-16 3.54e-16 2.03e-16  -0.001   -0.96
P02239  22.215  -2.295 3.15e-17 2.48e-17 1.72e-17   0.000   -0.90
P03230  24.326 -11.826 3.31e-13 1.97e-13 1.30e-13   0.002   -0.32
P03370  25.041  -2.547 3.83e-16 2.50e-16 1.23e-16  -0.000    0.28
P00363  25.870 -13.794 1.54e-16 9.81e-17 5.99e-17   0.001   -0.43
P04855  29.543  -6.683 1.35e-13 6.80e-14 3.56e-14  -0.000   -0.53
P03926  29.670 -10.166 2.08e-13 1.17e-13 5.47e-14   0.002   -0.50
