name x y flux0 flux1 flux2 width rv
F01764 -27.675  22.828 1.29e-16 1.22e-16 7.14e-17 59.70  517.87
F01770 -27.628  22.798 2.99e-16 2.28e-16 1.26e-16 71.13  518.04
F01755 -27.477  23.214 5.49e-17 3.98e-17 2.97e-17 65.54  517.81
F01761 -27.434  23.014 2.14e-16 1.34e-16 1.08e-16 82.87  518.02
F01769 -27.430  22.511 6.80e-17 4.80e-17 2.73e-17 76.18  517.97
F01760 -27.399  22.993 2.89e-16 2.21e-16 1.28e-16 65.81  517.75
F01766 -27.321  22.708 2.26e-16 1.52e-16 1.08e-16 48.64  517.75
F01767 -27.301  22.702 5.50e-16 3.98e-16 2.81e-16 53.25  517.78
F01768 -27.271  22.766 1.51e-16 1.23e-16 8.33e-17 60.23  517.89
F01756 -27.266  22.654 2.84e-16 2.03e-16 1.33e-16 62.82  517.90
F01753 -27.260  22.808 2.70e-16 2.38e-16 1.59e-16 64.86  517.98
F01752 -27.260  22.769 1.28e-16 8.30e-17 4.93e-17 48.41  518.11
F01765 -27.258  22.748 3.33e-16 2.53e-16 1.28e-16 51.36  517.75
F01759 -27.243  22.732 2.75e-16 1.70e-16 1.22e-16 69.62  517.74
F01763 -27.241  22.802 4.08e-16 3.15e-16 1.92e-16 61.98  517.86
F01754 -27.224  22.931 2.76e-16 1.78e-16 1.29e-16 60.74  517.71
F01762 -27.161  22.662 2.30e-16 1.71e-16 1.10e-16 59.88  517.93
F01758 -27.160  22.890 1.33e-16 1.07e-16 7.69e-17 81.83  517.89
F01757 -27.122  22.523 3.89e-16 3.10e-16 2.29e-16 46.35  517.99
F01771 -27.093  22.822 1.73e-16 1.68e-16 7.10e-17 68.19  517.87
