name x y flux1 flux2 flux3 par rv
P02942 -29.943  29.408 8.25e-16 4.67e-16 2.32e-16   0.000   -0.13
P00953 -29.850  29.294 3.21e-16 2.21e-16 1.11e-16   0.001   -0.19
P02144 -29.331  27.647 7.02e-14 3.67e-14 1.48e-14  -0.000   -0.09
P04014 -29.154  28.534 2.00e-16 1.23e-16 7.24e-17   0.002   -0.20
P01106 -27.662  29.366 3.63e-16 2.13e-16 1.26e-16  -0.000   -0.34
P01860 -26.957  29.679 3.24e-16 2.15e-16 1.19e-16  -0.000   -0.33
P01095 -21.199  24.966 2.32e-13 1.24e-13 5.53e-14   0.009    1.38
P03613 -20.802  20.987 5.81e-16 4.03e-16 2.52e-16   0.002    1.59
P04768 -20.805  21.619 5.73e-13 3.09e-13 1.34e-13   0.001    1.60
P01862 -17.688  18.576 2.89e-15 1.70e-15 8.62e-16   0.002    1.38
P03718 -17.019  17.987 4.80e-13 3.44e-13 1.77e-13   0.001    1.15
P00267 -16.979  21.978 8.62e-17 7.48e-17 5.02e-17   0.001    1.36
P02706 -16.926  21.978 3.21e-16 2.46e-16 1.52e-16  -0.000    1.41
P05106 -16.361  25.711 5.94e-13 2.88e-13 1.46e-13   0.002    0.92
P01823 -16.308  20.942 5.59e-15 3.13e-15 1.60e-15   0.002    1.51
P02406 -15.782  20.102 1.20e-17 1.46e-17 1.25e-17   0.001    1.49
P01581 -15.648  20.299 3.10e-15 1.74e-15 8.29e-16   0.002    1.54
P01793 -15.664  15.424 9.30e-15 4.36e-15 2.27e-15   0.001    0.82
P02680 -15.257  21.311 1.05e-17 1.22e-17 1.18e-17   0.002    1.29
