name x y flux0 flux1 flux2 width rv
F03445  -7.313  28.777 5.39e-17 3.85e-17 2.49e-17 34.18 1147.39
F03462  -7.271  28.400 9.63e-17 5.11e-17 4.58e-17 28.52 1147.54
F03472  -7.267  28.693 8.48e-17 6.01e-17 4.35e-17 31.27 1147.26
F03464  -7.191  28.797 5.51e-17 4.37e-17 3.03e-17 29.05 1147.20
F03452  -7.165  28.699 2.90e-17 2.20e-17 1.38e-17 37.46 1147.41
F03466  -7.141  28.640 3.21e-17 1.69e-17 1.28e-17 29.47 1147.50
F03449  -7.124  28.629 3.32e-17 2.20e-17 1.44e-17 45.66 1147.39
F03457  -7.114  28.611 6.76e-17 4.23e-17 2.94e-17 26.11 1147.43
F03471  -7.103  28.699 7.78e-17 5.80e-17 3.77e-17 27.74 1147.49
F03458  -7.102  28.596 6.77e-17 4.31e-17 2.45e-17 24.58 1147.51
F03454  -7.100  28.770 5.02e-17 3.87e-17 2.24e-17 27.90 1147.34
F03475  -7.093  28.682 4.15e-17 3.49e-17 2.26e-17 25.45 1147.64
F03444  -7.089  28.613 1.17e-16 8.07e-17 4.55e-17 24.40 1147.51
F03446  -7.083  28.670 4.60e-17 2.96e-17 2.25e-17 22.59 1147.54
F03470  -7.079  28.760 5.13e-17 3.76e-17 2.51e-17 28.81 1147.37
F03476  -7.076  28.735 4.52e-17 3.51e-17 2.06e-17 30.36 1147.43
F03453  -7.071  28.647 2.11e-17 1.57e-17 1.09e-17 33.79 1147.41
F03448  -7.071  28.691 5.35e-17 2.64e-17 2.51e-17 25.06 1147.38
F03467  -7.065  28.681 6.01e-17 4.77e-17 2.70e-17 29.73 1147.47
F03447  -7.056  28.624 5.38e-17 3.84e-17 2.59e-17 31.24 1147.39
F03473  -7.053  28.654 8.23e-17 4.87e-17 3.35e-17 29.92 1147.54
F03461  -7.052  28.684 5.04e-17 3.77e-17 2.65e-17 30.07 1147.43
F03451  -7.050  28.720 8.21e-17 7.66e-17 4.53e-17 23.54 1147.55
F03463  -7.048  28.657 2.12e-17 1.76e-17 1.20e-17 27.24 1147.52
F03477  -7.037  28.772 4.86e-17 3.82e-17 2.96e-17 41.73 1147.42
F03469  -7.033  28.671 7.40e-17 6.69e-17 4.10e-17 23.01 1147.42
F03478  -7.030  28.680 7.56e-17 5.59e-17 4.16e-17 22.37 1147.38
F03459  -7.027  28.674 7.76e-17 5.46e-17 3.85e-17 31.49 1147.46
F03455  -7.004  28.656 3.20e-17 2.55e-17 1.63e-17 28.36 1147.39
F03474  -6.997  28.623 7.04e-17 5.10e-17 3.22e-17 39.32 1147.37
F03468  -6.986  28.648 4.89e-17 3.78e-17 1.89e-17 30.58 1147.34
F03450  -6.951  28.715 2.68e-17 1.48e-17 9.65e-18 33.04 1147.52
F03460  -6.914  28.718 6.94e-17 5.58e-17 2.86e-17 29.18 1147.20
F03465  -6.860  28.675 3.29e-17 2.24e-17 1.51e-17 37.85 1147.40
