name x y flux0 flux1 flux2 width rv
F00666 -40.284   0.241 1.53e-17 1.24e-17 9.53e-18 15.37 2177.91
F00664 -40.164   0.214 2.01e-17 1.40e-17 8.13e-18 18.96 2178.07
F00660 -40.150   0.314 2.74e-17 1.31e-17 1.15e-17 13.98 2177.78
F00656 -40.135   0.432 1.80e-17 1.28e-17 8.86e-18 14.68 2177.75
F00653 -40.131   0.173 1.93e-17 1.22e-17 8.91e-18 16.36 2177.60
F00647 -40.129   0.199 2.36e-17 1.60e-17 1.14e-17 12.00 2177.80
F00671 -40.119   0.205 3.18e-17 1.78e-17 1.16e-17 10.83 2177.76
F00652 -40.118   0.207 1.32e-17 1.20e-17 7.70e-18 17.11 2177.89
F00655 -40.115   0.303 1.85e-17 1.59e-17 1.03e-17 14.91 2177.80
F00658 -40.113   0.205 3.12e-17 2.33e-17 1.38e-17 21.13 2177.86
F00650 -40.090   0.309 2.60e-17 1.66e-17 1.06e-17 14.11 2177.76
F00654 -40.076   0.101 1.78e-17 1.17e-17 8.68e-18 18.43 2177.95
F00661 -40.066   0.205 1.39e-17 1.19e-17 7.04e-18 12.02 2177.62
F00665 -40.056   0.243 1.70e-17 1.27e-17 8.42e-18 16.07 2177.86
F00659 -39.981   0.301 2.24e-17 1.46e-17 1.03e-17 17.42 2177.77
F00672 -39.884   0.417 1.52e-17 1.06e-17 7.58e-18 12.68 2177.76
