name x y flux1 flux2 flux3 par rv
P00281   6.146   6.327 3.16e-13 1.93e-13 1.36e-13   0.038    0.12
P01100   7.943   8.585 2.69e-13 1.96e-13 1.30e-13   0.000   -0.07
P04562   9.076   0.326 2.16e-17 1.87e-17 1.28e-17   0.001    0.28
P02081   9.633   9.152 4.43e-16 2.77e-16 1.48e-16   0.002   -0.06
P00968  10.432   0.999 1.09e-16 7.28e-17 4.70e-17  -0.000    0.25
P00834  11.312   6.686 2.53e-17 2.22e-17 1.48e-17   0.003   -0.01
P01797  11.567   9.883 9.47e-14 4.87e-14 2.18e-14   0.001   -0.09
P04101  12.147   1.945 9.91e-17 7.21e-17 4.53e-17   0.002    0.18
P02418  12.283   6.438 1.69e-13 9.14e-14 5.09e-14   0.000   -0.06
P00247  12.338   7.691 3.31e-17 2.68e-17 1.84e-17  -0.000   -0.08
P04485  12.680   2.406 2.98e-17 2.17e-17 1.74e-17   0.000    0.11
P00044  13.191   0.421 1.15e-14 4.84e-15 2.26e-15   0.002    0.36
P01321  13.176   0.356 4.80e-17 3.40e-17 2.00e-17   0.001    0.34
P01096  13.722   5.553 4.05e-17 3.34e-17 2.22e-17   0.002   -0.03
P01727  13.999   2.217 5.37e-17 4.36e-17 3.11e-17   0.001    0.07
P02639  14.098   3.682 9.29e-15 4.63e-15 2.02e-15   0.002    0.04
P03784  14.065   0.680 7.08e-17 5.07e-17 3.76e-17   0.001    0.32
P03380  14.212   3.057 3.00e-16 2.01e-16 1.02e-16   0.000    0.04
P02798  14.191   2.641 1.49e-17 1.32e-17 1.05e-17   0.001    0.03
P02949  14.264   2.030 2.37e-16 1.44e-16 1.02e-16   0.000    0.15
P01184  14.134   3.958 1.09e-14 5.74e-15 2.45e-15   0.002   -0.03
P00846  14.421   0.012 1.88e-16 1.43e-16 7.34e-17   0.001    0.39
P00220  14.429   0.336 2.66e-17 2.72e-17 1.62e-17   0.002    0.40
P02455  14.434   1.279 6.92e-16 4.45e-16 2.28e-16   0.001    0.26
P02528  14.425   0.644 1.56e-16 1.05e-16 6.49e-17   0.001    0.37
P04328  14.510   0.453 9.70e-17 6.82e-17 4.28e-17   0.001    0.47
P02383  14.472   0.873 1.79e-16 1.43e-16 7.42e-17  -0.002    0.35
P00936  14.566   0.057 5.90e-15 3.24e-15 1.23e-15   0.001    0.39
P00127  14.501   2.242 9.55e-17 6.87e-17 4.17e-17   0.002    0.07
P00883  14.683   1.409 2.19e-17 2.10e-17 1.29e-17   0.004    0.19
P01045  14.644   0.730 6.55e-17 4.35e-17 3.24e-17   0.001    0.38
P00484  14.742   1.541 7.40e-14 1.15e-13 1.14e-13   0.002    0.21
P04785  14.910   0.709 4.85e-17 3.65e-17 2.55e-17   0.002    0.35
P01499  14.910   1.075 8.93e-14 4.76e-14 1.77e-14   0.002    0.27
P01654  14.786   1.600 1.99e-16 1.30e-16 8.70e-17   0.002    0.16
P02321  14.892   1.255 1.25e-14 5.68e-15 2.55e-15  -0.001    0.20
P03281  14.927   0.915 1.69e-15 8.98e-16 4.40e-16  -0.000    0.32
P01401  14.986   0.972 2.19e-17 2.02e-17 1.29e-17   0.002    0.29
P02391  14.938   1.737 5.25e-17 4.31e-17 2.69e-17   0.002    0.09
P02625  14.964   3.078 1.04e-13 1.41e-13 1.28e-13   0.003   -0.06
