name x y flux0 flux1 flux2 width rv
F01244  12.151   7.620 2.10e-17 1.08e-17 9.76e-18 13.69 2125.29
F01257  12.218   7.642 2.27e-17 1.58e-17 1.11e-17 14.97 2125.44
F01258  12.219   7.703 1.44e-17 1.07e-17 6.75e-18 22.12 2125.48
F01271  12.247   7.677 2.20e-17 1.13e-17 8.45e-18 16.61 2125.44
F01248  12.252   7.676 1.80e-17 1.35e-17 7.44e-18 17.54 2125.41
F01263  12.258   7.680 1.48e-17 1.15e-17 7.77e-18 17.23 2125.27
F01269  12.262   7.676 1.77e-17 1.44e-17 6.36e-18 11.44 2125.45
F01245  12.265   7.676 1.93e-17 1.87e-17 1.38e-17 19.25 2125.42
F01261  12.266   7.677 2.03e-17 1.44e-17 8.66e-18 18.03 2125.27
F01267  12.273   7.685 1.19e-17 1.20e-17 5.05e-18 16.44 2125.46
F01253  12.273   7.664 1.53e-17 1.03e-17 7.49e-18 14.05 2125.28
F01247  12.275   7.690 1.57e-17 1.18e-17 8.26e-18 19.63 2125.21
F01256  12.277   7.659 2.03e-17 1.58e-17 1.06e-17 13.59 2125.31
F01251  12.278   7.637 2.02e-17 1.32e-17 8.38e-18 14.71 2125.25
F01250  12.299   7.649 2.77e-17 1.54e-17 9.98e-18 18.12 2125.42
F01254  12.324   7.663 2.12e-17 1.45e-17 1.03e-17 18.52 2125.39
