name x y flux0 flux1 flux2 width rv
F00987  39.435 -10.468 5.31e-17 4.47e-17 2.23e-17 18.35 1195.54
F01007  39.596 -11.426 4.78e-17 4.36e-17 2.88e-17 38.32 1195.66
F00995  40.078 -10.960 2.28e-17 1.71e-17 1.41e-17 25.01 1195.58
F00997  40.156 -11.317 5.96e-17 3.96e-17 2.88e-17 31.86 1195.79
F00982  40.164 -11.156 6.46e-17 3.92e-17 2.68e-17 28.91 1195.82
F00988  40.176 -11.539 9.13e-17 5.24e-17 3.78e-17 30.36 1195.82
F01002  40.224 -11.279 5.74e-17 4.51e-17 2.64e-17 24.10 1195.70
F01006  40.234 -11.138 7.44e-17 4.95e-17 3.47e-17 26.37 1195.70
F00994  40.238 -11.268 2.91e-17 1.68e-17 1.70e-17 32.68 1195.76
F01001  40.244 -11.211 6.56e-17 4.37e-17 3.81e-17 23.46 1195.88
F00985  40.248 -11.289 7.90e-17 7.11e-17 3.45e-17 27.89 1195.65
F00983  40.251 -11.214 3.04e-17 1.70e-17 1.50e-17 29.63 1195.79
F00989  40.252 -11.225 3.51e-17 2.22e-17 1.21e-17 38.48 1195.62
F00996  40.255 -11.211 4.84e-17 2.97e-17 1.81e-17 35.36 1195.71
F00999  40.263 -11.233 8.93e-17 4.78e-17 4.46e-17 30.57 1195.60
F00998  40.293 -11.260 6.16e-17 6.24e-17 3.42e-17 34.78 1195.85
F01000  40.333 -11.253 6.78e-17 4.64e-17 2.67e-17 41.55 1195.63
F00984  40.413 -11.252 3.66e-17 2.35e-17 1.62e-17 32.17 1195.90
F01005  40.418 -11.143 4.50e-17 3.13e-17 2.07e-17 26.46 1195.70
F00992  40.504 -11.687 5.62e-17 3.80e-17 2.94e-17 29.15 1195.70
F01003  40.524 -11.576 1.02e-16 6.50e-17 4.45e-17 25.78 1195.80
F01004  40.890 -11.875 4.31e-17 3.02e-17 2.81e-17 33.75 1195.56
F00986  41.312 -10.676 4.10e-17 4.09e-17 2.37e-17 36.47 1195.53
