name x y flux1 flux2 flux3 par rv
P01271  -9.930 -25.502 3.32e-12 1.97e-12 1.05e-12   0.035   -0.23
P04585  -7.366 -20.986 4.35e-14 2.89e-14 1.73e-14   0.012   -0.27
P00411  -6.677 -19.410 2.84e-16 1.42e-16 7.49e-17  -0.000   -0.06
P02563  -6.085 -17.708 2.00e-15 9.80e-16 4.27e-16  -0.001    0.38
P04183  -5.868 -17.441 2.57e-14 1.33e-14 7.86e-15   0.000    0.37
P00333  -5.792 -16.941 3.60e-14 2.24e-14 1.02e-14   0.000    0.46
P02498  -5.471 -16.976 1.51e-15 6.00e-16 2.80e-16   0.000    0.37
P04745  -5.177 -18.046 2.02e-15 1.06e-15 5.55e-16   0.000    0.17
P00753  -5.220 -18.213 2.09e-14 1.03e-14 4.29e-15  -0.001    0.06
P01437  -5.227 -18.445 1.54e-17 1.04e-17 7.47e-18  -0.000    0.04
P02389  -5.076 -18.111 5.47e-17 3.10e-17 1.72e-17  -0.001    0.11
P01859  -5.047 -27.197 8.88e-16 1.28e-15 1.19e-15   0.016   -0.28
P01084  -4.972 -19.094 4.32e-14 3.74e-14 2.75e-14   0.002   -0.25
P00129  -5.071 -17.392 7.23e-17 4.12e-17 2.84e-17   0.000    0.36
P01918  -4.939 -16.872 1.50e-17 9.36e-18 5.27e-18  -0.000    0.26
P02301  -4.923 -18.124 1.10e-16 7.58e-17 3.39e-17   0.001    0.02
P01331  -4.798 -17.272 7.85e-17 5.22e-17 2.26e-17   0.000    0.36
P04007  -4.874 -18.517 8.82e-16 4.13e-16 1.73e-16  -0.000   -0.21
P04398  -4.863 -16.884 7.71e-16 4.53e-16 2.23e-16   0.000    0.24
P04843  -4.825 -18.101 4.15e-17 2.56e-17 1.28e-17  -0.001    0.04
P00742  -4.814 -17.984 7.48e-16 3.85e-16 1.84e-16   0.000    0.01
P01834  -4.731 -17.808 7.72e-16 4.42e-16 2.35e-16  -0.000    0.19
P01819  -4.787 -20.397 5.73e-16 2.49e-16 1.32e-16   0.001   -0.58
P01575  -4.609 -20.612 1.47e-17 1.17e-17 8.21e-18   0.001   -0.57
P03368  -4.602 -17.600 3.50e-14 1.91e-14 1.01e-14   0.002    0.21
P03498  -4.560 -16.347 1.25e-16 8.00e-17 3.69e-17   0.001    0.10
P03694  -4.422 -17.732 3.60e-17 2.41e-17 1.38e-17  -0.001    0.17
P00387  -4.492 -18.073 4.58e-17 3.37e-17 1.93e-17   0.000    0.02
P04318  -4.463 -17.913 7.29e-16 3.35e-16 1.37e-16   0.001    0.09
P00714  -4.411 -18.377 1.86e-16 1.16e-16 5.52e-17  -0.000   -0.22
P01206  -4.341 -17.202 2.55e-17 1.51e-17 1.05e-17   0.000    0.13
P04778  -4.332 -19.478 4.27e-14 2.77e-14 1.78e-14  -0.002   -0.55
P03996  -4.307 -17.644 6.24e-17 5.51e-17 2.29e-17   0.001    0.17
P03536  -4.214 -17.752 3.31e-14 1.88e-14 8.55e-15   0.000    0.06
P00671  -4.245 -17.860 8.98e-17 5.78e-17 2.70e-17  -0.000    0.08
P03483  -4.260 -17.764 1.03e-16 6.65e-17 2.84e-17   0.001    0.03
P04939  -4.336 -17.929 3.88e-17 2.84e-17 1.78e-17  -0.001    0.07
P04438  -4.216 -18.000 1.36e-17 1.16e-17 6.71e-18   0.001   -0.00
P03070  -4.231 -17.697 1.93e-17 1.52e-17 8.97e-18   0.000    0.14
P03279  -4.197 -18.111 4.59e-16 2.67e-16 1.27e-16  -0.000   -0.11
P02029  -4.261 -15.165 1.10e-12 3.09e-12 6.07e-12   0.007   -0.31
P01605  -4.090 -18.509 4.49e-17 2.82e-17 1.56e-17  -0.000   -0.48
P02999  -4.165 -18.517 6.19e-17 4.02e-17 2.15e-17   0.001   -0.48
P04506  -4.151 -16.942 3.61e-17 2.51e-17 1.41e-17   0.000   -0.06
P03100  -4.018 -17.749 1.81e-15 7.65e-16 3.75e-16  -0.001   -0.02
P03719  -4.040 -18.057 1.53e-15 6.22e-16 3.11e-16   0.002   -0.14
P02726  -4.055 -17.999 5.23e-17 2.87e-17 1.76e-17  -0.001   -0.25
P03740  -4.228 -16.917 8.45e-16 4.90e-16 1.82e-16  -0.000   -0.11
P00751  -4.051 -18.156 7.96e-17 5.11e-17 2.83e-17   0.002   -0.39
P01944  -4.009 -18.293 1.92e-14 9.42e-15 4.08e-15   0.001   -0.55
P04914  -4.086 -17.948 1.29e-16 9.05e-17 4.59e-17   0.001   -0.21
P01968  -4.132 -18.161 7.93e-17 4.85e-17 2.94e-17   0.000   -0.39
P00074  -3.974 -18.286 1.58e-16 7.74e-17 4.78e-17  -0.001   -0.61
P02182  -4.036 -17.973 3.32e-14 3.73e-14 2.71e-14  -0.001   -0.13
P04528  -4.099 -18.944 4.90e-17 4.27e-17 1.82e-17   0.001   -0.67
P00439  -4.170 -18.001 3.27e-16 2.02e-16 8.99e-17  -0.000   -0.23
P01966  -4.012 -17.937 1.13e-17 7.72e-18 5.75e-18   0.000   -0.22
P01784  -4.176 -18.213 1.07e-16 6.74e-17 3.70e-17  -0.001   -0.70
P02587  -4.186 -17.901 6.70e-17 4.64e-17 2.71e-17  -0.000   -0.20
P00918  -4.228 -18.149 1.67e-15 7.59e-16 3.59e-16  -0.000   -0.41
P01997  -4.060 -18.051 3.99e-17 2.49e-17 1.72e-17   0.001   -0.54
P00994  -3.952 -18.083 3.26e-17 2.00e-17 1.17e-17   0.002   -0.44
P01479  -3.977 -18.100 1.20e-16 7.45e-17 3.49e-17   0.001   -0.54
P03258  -4.052 -18.101 3.38e-14 2.17e-14 1.09e-14   0.001   -0.54
P04396  -4.062 -18.086 5.02e-17 3.24e-17 1.55e-17  -0.000   -0.41
P01554  -4.051 -18.103 2.06e-17 1.25e-17 9.71e-18   0.001   -0.51
P02957  -3.932 -17.969 1.52e-15 6.50e-16 3.18e-16   0.000   -0.41
P00524  -3.912 -18.018 1.26e-17 1.22e-17 7.34e-18   0.001   -0.43
P02993  -3.917 -18.564 1.72e-15 7.39e-16 3.48e-16  -0.001   -0.68
P01592  -3.895 -18.356 3.93e-14 2.43e-14 1.45e-14  -0.000   -0.69
P01507  -3.872 -18.207 2.27e-17 1.85e-17 9.96e-18   0.000   -0.69
P01576  -3.813 -18.072 2.74e-16 1.36e-16 7.23e-17   0.002   -0.70
P04261  -3.942 -17.975 2.40e-17 1.65e-17 9.37e-18   0.001   -0.56
P04835  -3.870 -17.725 1.01e-16 7.70e-16 3.20e-15   0.002   -0.33
P02735  -3.839 -17.742 1.03e-15 4.26e-16 2.11e-16   0.000   -0.29
P02705  -3.831 -18.073 1.41e-17 1.12e-17 6.23e-18  -0.002   -0.58
P03932  -3.911 -17.792 1.56e-17 1.15e-17 6.82e-18   0.002   -0.43
P02631  -3.791 -18.222 4.67e-17 3.22e-17 1.86e-17   0.001   -0.75
P02474  -3.658 -18.299 4.30e-14 3.17e-14 1.87e-14   0.001   -0.76
P01597  -3.902 -18.254 8.07e-16 3.23e-15 9.02e-15   0.000   -0.78
P01569  -3.770 -17.981 1.23e-15 5.76e-16 2.60e-16   0.002   -0.58
P03353  -3.682 -18.696 1.30e-16 6.81e-17 3.42e-17  -0.001   -0.82
P00227  -3.829 -17.760 1.34e-15 6.51e-16 3.13e-16   0.001   -0.38
P00673  -3.873 -18.094 9.17e-17 5.79e-17 2.99e-17   0.001   -0.74
P02119  -3.730 -17.663 1.77e-17 1.15e-17 6.51e-18  -0.001   -0.43
P00079  -3.619 -18.023 3.97e-14 2.63e-14 1.71e-14  -0.000   -0.70
P04082  -3.663 -18.303 1.21e-16 7.86e-17 4.03e-17   0.001   -0.86
P00071  -3.785 -19.310 3.49e-17 2.91e-17 1.42e-17   0.000   -0.85
P00081  -3.597 -18.015 3.30e-16 1.56e-16 6.48e-17  -0.000   -0.63
P01481  -3.489 -17.669 3.63e-16 2.06e-16 8.73e-17  -0.001   -0.59
P01118  -3.534 -18.515 2.05e-15 9.44e-16 4.33e-16  -0.001   -0.96
P03452  -3.619 -18.402 4.48e-14 2.93e-14 1.68e-14   0.001   -0.98
P04618  -3.498 -18.467 9.39e-16 5.26e-16 2.08e-16  -0.000   -0.93
P02928  -3.600 -17.809 1.67e-17 1.23e-17 7.11e-18  -0.001   -0.63
P01537  -3.453 -18.249 4.31e-16 2.17e-16 1.17e-16  -0.001   -0.90
P02890  -3.369 -18.144 2.36e-14 1.50e-14 7.64e-15   0.001   -0.89
P02791  -3.380 -18.498 7.82e-17 5.48e-17 2.38e-17  -0.000   -1.05
P03943  -3.419 -18.517 4.35e-16 2.05e-16 1.06e-16  -0.000   -1.04
P01197  -3.338 -18.852 2.10e-17 1.13e-17 7.88e-18  -0.000   -1.01
P03527  -3.296 -18.215 1.11e-16 6.53e-17 3.12e-17   0.000   -0.94
P01915  -3.293 -17.927 2.34e-17 1.97e-17 1.11e-17   0.000   -0.78
P03730  -3.284 -17.741 5.09e-17 2.95e-17 1.75e-17   0.001   -0.67
P00212  -3.377 -18.400 1.06e-15 5.87e-16 2.64e-16   0.001   -1.00
P02368  -3.298 -18.758 3.12e-16 1.79e-16 7.97e-17  -0.001   -1.06
P04869  -3.242 -18.049 2.95e-16 1.80e-16 9.14e-17  -0.000   -0.95
P01515  -3.279 -16.728 4.23e-14 3.75e-14 2.53e-14   0.001   -0.43
P03176  -2.893 -18.073 1.52e-15 7.23e-16 3.47e-16   0.001   -0.93
P04287  -2.837 -18.782 1.89e-16 1.15e-16 4.85e-17  -0.000   -1.20
P04706  -2.843 -18.572 2.56e-14 1.28e-14 6.03e-15   0.002   -1.09
P02245  -2.711 -18.110 2.15e-16 1.22e-16 6.06e-17  -0.000   -1.00
P03218  -2.494 -19.706 2.98e-17 1.94e-17 1.10e-17   0.000   -1.15
P03704  -2.490 -18.023 2.66e-16 1.46e-16 6.59e-17  -0.000   -0.95
P01775  -2.519 -18.384 1.14e-17 9.14e-18 6.00e-18  -0.001   -1.10
P02407  -2.091 -18.204 1.35e-16 8.28e-17 4.19e-17  -0.001   -1.11
P03538  -2.086 -18.977 2.52e-14 1.52e-14 6.61e-15   0.002   -1.24
P05143  -2.143 -17.996 1.09e-17 8.25e-18 5.14e-18  -0.000   -1.01
P03022  -0.920 -19.460 5.94e-16 2.96e-16 1.46e-16  -0.002   -1.26
