-15.745 -25.509       337
 17.665 -20.626      7564
 -7.909  12.111       352
  3.058 -17.919       779
-12.412  13.513       289
-20.850  32.697       255
 -0.697  34.030       219
 33.771  26.156       209
  4.581 -34.816       603
 -2.021  11.027       827
-15.995  41.822       271
 42.401  -5.577       238
-23.337  14.915       378
  8.242  13.397      2648
-12.774 -11.673       539
 42.553  -6.937       241
-21.143   0.799       365
 32.350  14.470      1598
 41.346  29.113      1266
-42.155  44.920       316
-12.648 -11.249       614
 16.222 -37.112       223
  7.406 -24.142       245
  1.317 -17.485      1585
 19.050   6.127      2617
-10.945  26.964       226
-21.180  33.137      1637
  7.348   4.001       222
 36.095   2.978      1763
 37.431  11.927      2026
-42.087  43.461       361
 -2.334 -28.568       954
 30.776 -31.840  70541518
 29.302 -38.404      2175
-19.550  10.691  22486114
 34.479  16.901     38953
-18.780 -19.907       372
 35.419  -0.038       671
 35.266  -4.942      4293
-25.250 -36.036       327
