name x y flux0 flux1 flux2 width rv
F04539   5.463  21.404 1.66e-17 1.15e-17 8.33e-18 21.39 1735.49
F04548   5.522  21.416 4.98e-17 4.21e-17 2.34e-17 18.96 1735.56
F04557   5.549  21.714 2.59e-17 2.17e-17 1.37e-17 24.63 1735.71
F04540   5.554  21.556 2.73e-17 1.82e-17 1.53e-17 19.45 1735.60
F04561   5.580  21.719 2.27e-17 1.82e-17 1.19e-17 25.20 1735.73
F04545   5.592  21.441 3.50e-17 2.00e-17 1.20e-17 21.94 1735.61
F04537   5.594  21.231 1.55e-17 1.44e-17 7.01e-18 18.15 1735.59
F04547   5.645  21.384 4.24e-17 2.91e-17 1.90e-17 19.03 1735.65
F04530   5.646  21.270 1.73e-17 1.33e-17 9.30e-18 24.63 1735.63
F04555   5.657  21.350 4.34e-17 2.91e-17 2.34e-17 14.22 1735.64
F04541   5.658  21.346 2.85e-17 2.35e-17 1.20e-17 18.42 1735.61
F04535   5.707  21.271 4.71e-17 3.14e-17 2.20e-17 18.70 1735.70
F04559   5.716  21.398 2.49e-17 1.58e-17 1.26e-17 21.16 1735.76
F04531   5.726  21.341 2.32e-17 1.67e-17 8.70e-18 19.84 1735.62
F04546   5.734  21.325 3.30e-17 2.24e-17 1.67e-17 22.66 1735.60
F04549   5.736  21.326 2.72e-17 1.99e-17 1.28e-17 17.99 1735.74
F04560   5.736  21.264 3.70e-17 2.70e-17 1.64e-17 18.28 1735.85
F04529   5.736  21.316 3.03e-17 2.38e-17 1.42e-17 24.64 1735.70
F04558   5.738  21.310 3.20e-17 2.53e-17 1.12e-17 21.59 1735.58
F04544   5.742  21.326 4.11e-17 3.02e-17 2.15e-17 20.41 1735.70
F04550   5.754  21.323 1.85e-17 1.39e-17 8.32e-18 21.41 1735.69
F04554   5.757  21.310 2.29e-17 2.03e-17 1.21e-17 23.97 1735.58
F04534   5.765  21.288 4.78e-17 3.82e-17 2.49e-17 17.23 1735.58
F04543   5.770  21.242 2.13e-17 1.75e-17 1.17e-17 20.90 1735.64
F04536   5.782  21.222 2.91e-17 2.41e-17 1.55e-17 21.58 1735.57
F04556   5.845  21.465 3.22e-17 1.66e-17 1.21e-17 16.10 1735.53
F04532   5.925  21.107 3.50e-17 2.65e-17 1.84e-17 14.89 1735.56
F04552   5.960  21.351 2.86e-17 2.37e-17 1.51e-17 23.34 1735.68
F04538   5.984  21.159 1.37e-17 1.11e-17 7.35e-18 22.14 1735.57
