name x y flux0 flux1 flux2 width rv
F05771   4.964  17.285 2.29e-17 1.38e-17 1.07e-17 41.96  878.22
F05759   5.023  17.376 2.76e-17 1.78e-17 1.02e-17 35.43  878.26
F05762   5.041  17.288 1.39e-16 1.07e-16 7.04e-17 24.96  878.31
F05779   5.058  17.282 1.19e-16 7.22e-17 4.75e-17 24.36  878.40
F05767   5.095  17.377 1.16e-16 7.52e-17 4.93e-17 29.53  878.25
F05776   5.110  17.310 7.65e-17 7.58e-17 4.11e-17 43.48  878.53
F05761   5.119  17.333 6.26e-17 4.83e-17 3.25e-17 40.10  878.46
F05775   5.139  17.338 1.19e-16 8.81e-17 6.78e-17 52.58  878.29
F05760   5.143  17.380 6.62e-17 5.19e-17 3.11e-17 43.10  878.07
F05768   5.146  17.121 8.30e-17 6.94e-17 4.39e-17 35.08  878.28
F05778   5.149  17.375 9.75e-17 8.20e-17 5.05e-17 43.72  878.24
F05757   5.160  17.321 9.81e-17 6.96e-17 4.93e-17 39.17  878.40
F05777   5.163  17.317 7.12e-17 5.54e-17 3.19e-17 39.29  878.25
F05764   5.174  17.307 6.63e-17 4.55e-17 3.06e-17 40.61  878.03
F05758   5.177  17.174 1.02e-16 5.97e-17 4.49e-17 32.50  878.39
F05769   5.201  17.318 1.07e-16 6.67e-17 4.60e-17 35.39  878.26
F05766   5.208  17.289 9.79e-17 6.71e-17 4.91e-17 43.09  878.41
F05773   5.226  17.321 9.03e-17 7.39e-17 6.06e-17 32.33  878.06
F05780   5.230  17.358 1.22e-16 7.35e-17 5.43e-17 34.41  878.40
F05770   5.231  17.334 1.15e-16 7.70e-17 4.83e-17 41.13  878.22
F05765   5.242  17.307 5.50e-17 4.63e-17 2.92e-17 36.38  878.29
F05763   5.245  17.241 2.21e-17 1.52e-17 9.34e-18 46.00  878.31
F05774   5.409  17.380 7.61e-17 4.71e-17 3.45e-17 44.22  878.09
F05772   5.420  17.327 4.12e-17 3.45e-17 2.03e-17 48.36  878.37
F05585   8.832  15.105 4.22e-17 3.25e-17 2.28e-17 64.21  597.58
