name x y flux0 flux1 flux2 width rv
F04008  -1.429 -33.574 3.00e-17 1.98e-17 1.32e-17 16.32 2137.31
F04022  -1.403 -33.470 2.12e-17 1.43e-17 1.31e-17 17.33 2137.09
F03997  -1.338 -33.565 1.19e-17 1.06e-17 6.54e-18 16.01 2137.24
F04012  -1.321 -33.573 2.09e-17 1.12e-17 8.39e-18 16.76 2137.16
F04019  -1.309 -33.578 1.74e-17 1.70e-17 6.86e-18 18.03 2137.17
F04024  -1.307 -33.572 1.58e-17 1.15e-17 5.92e-18 19.58 2137.02
F04015  -1.305 -33.574 2.34e-17 1.18e-17 6.29e-18 12.94 2137.11
F04003  -1.302 -33.577 2.59e-17 1.16e-17 6.89e-18 19.83 2137.10
F04001  -1.296 -33.559 1.43e-17 1.06e-17 6.32e-18 12.44 2137.25
F04026  -1.291 -33.483 1.75e-17 1.54e-17 7.55e-18 19.25 2137.12
F04011  -1.287 -33.428 2.89e-17 1.90e-17 1.21e-17 18.10 2137.10
F04017  -1.277 -33.693 1.90e-17 1.17e-17 8.15e-18 15.96 2137.30
F04000  -1.261 -33.572 1.23e-17 1.18e-17 7.32e-18 17.95 2137.27
F04023  -1.259 -33.570 3.16e-17 2.18e-17 1.45e-17 18.80 2137.19
F04021  -1.256 -33.448 2.36e-17 1.48e-17 1.09e-17 15.14 2137.24
F04006  -1.252 -33.590 2.15e-17 2.00e-17 9.58e-18 15.51 2137.13
F04018  -1.249 -33.543 1.23e-17 1.14e-17 7.57e-18 14.69 2137.29
F03999  -1.249 -33.530 1.63e-17 1.05e-17 1.07e-17 17.14 2137.30
F04007  -1.244 -33.591 1.47e-17 1.13e-17 7.56e-18 10.72 2137.15
F04020  -1.188 -33.595 1.10e-17 1.05e-17 5.38e-18 17.84 2137.10
