name x y flux0 flux1 flux2 width rv
F06256  35.187  24.298 2.25e-17 1.52e-17 1.16e-17 22.81 1588.59
F06272  35.188  24.178 2.18e-17 2.11e-17 1.25e-17 19.98 1588.65
F06264  35.228  24.160 3.13e-17 2.03e-17 1.35e-17 25.04 1588.49
F06261  35.255  24.249 1.52e-17 1.22e-17 8.88e-18 24.99 1588.56
F06276  35.260  24.270 2.52e-17 2.10e-17 1.28e-17 20.04 1588.46
F06273  35.264  24.269 2.92e-17 1.78e-17 1.28e-17 22.27 1588.64
F06262  35.270  24.337 2.52e-17 2.35e-17 1.49e-17 24.53 1588.62
F06258  35.273  24.316 1.99e-17 1.25e-17 9.04e-18 14.47 1588.76
F06255  35.274  24.219 2.23e-17 1.72e-17 1.10e-17 21.86 1588.64
F06250  35.276  24.230 2.68e-17 1.85e-17 1.16e-17 21.20 1588.71
F06267  35.277  24.179 4.21e-17 3.43e-17 2.26e-17 21.43 1588.70
F06266  35.281  24.247 3.42e-17 2.50e-17 1.99e-17 17.93 1588.69
F06257  35.281  24.293 2.55e-17 1.47e-17 1.08e-17 21.82 1588.81
F06275  35.285  24.214 2.97e-17 2.98e-17 1.85e-17 22.55 1588.62
F06268  35.286  24.214 1.97e-17 1.43e-17 1.05e-17 18.84 1588.59
F06254  35.287  24.211 2.03e-17 1.12e-17 7.78e-18 22.59 1588.61
F06249  35.292  24.227 3.87e-17 2.20e-17 1.91e-17 22.26 1588.66
F06274  35.294  24.231 3.61e-17 2.75e-17 2.43e-17 14.69 1588.59
F06270  35.294  24.237 3.09e-17 2.23e-17 1.10e-17 24.94 1588.54
F06253  35.297  24.222 2.84e-17 2.04e-17 1.59e-17 19.79 1588.49
F06263  35.297  24.230 2.34e-17 1.47e-17 9.68e-18 28.56 1588.55
F06252  35.301  24.314 2.58e-17 1.77e-17 1.56e-17 17.03 1588.59
F06265  35.321  24.225 1.37e-17 1.01e-17 6.59e-18 22.04 1588.53
F06260  35.324  24.119 1.86e-17 1.60e-17 1.14e-17 22.64 1588.67
F06246  35.331  24.228 3.19e-17 2.40e-17 1.55e-17 17.70 1588.78
F06247  35.341  24.294 2.77e-17 1.82e-17 1.33e-17 21.57 1588.69
F06271  35.368  24.173 2.74e-17 1.79e-17 1.27e-17 19.25 1588.59
F06251  35.440  24.103 3.42e-17 2.39e-17 1.60e-17 20.73 1588.61
F06248  35.470  24.238 1.63e-17 1.53e-17 9.57e-18 23.76 1588.75
