name x y flux1 flux2 flux3 par rv
P03672  30.047  26.779 3.95e-13 2.31e-13 1.05e-13   0.013    0.23
P04948  30.160  22.265 2.62e-17 2.08e-17 1.37e-17   0.001    0.39
P02718  30.408  22.112 4.64e-11 2.45e-11 1.05e-11   0.066    0.14
P02763  30.347  16.571 8.89e-16 4.27e-16 1.99e-16   0.002    0.05
P03836  32.727  25.641 3.59e-15 2.86e-15 1.72e-15   0.005    0.24
P01468  32.714  17.944 2.61e-13 1.84e-13 1.08e-13   0.030    0.22
P04906  32.721  15.497 3.20e-15 1.73e-15 7.16e-16   0.002   -0.11
P01804  33.209  21.083 2.87e-16 1.58e-16 8.73e-17  -0.001    0.48
P04853  33.379  25.734 3.10e-13 2.04e-13 9.93e-14   0.011    0.22
P03954  33.376  17.302 3.11e-17 2.33e-17 1.56e-17   0.001    0.08
P03733  33.758  18.546 4.54e-14 2.36e-14 9.90e-15   0.001    0.19
P00131  33.849  18.428 5.91e-16 3.21e-16 1.61e-16   0.001    0.20
P03260  34.068  17.306 6.76e-17 5.40e-17 3.19e-17   0.002    0.08
P02654  34.025  17.511 5.84e-17 3.69e-17 2.49e-17   0.001    0.10
P02494  34.194  20.912 1.71e-15 8.11e-16 3.81e-16   0.001    0.42
P04616  34.094  20.065 1.44e-16 9.77e-17 5.05e-17  -0.001    0.43
P04429  34.329  21.733 3.05e-16 3.65e-16 3.35e-16   0.009    0.19
P03648  34.641  21.085 1.39e-14 3.24e-14 5.56e-14   0.001    0.52
P00792  34.598  19.101 2.31e-17 1.76e-17 1.13e-17   0.001    0.26
P01948  34.656  15.411 1.02e-13 5.13e-14 2.77e-14   0.000   -0.17
P01595  34.651  17.781 1.11e-15 5.79e-16 2.91e-16   0.001    0.08
P01779  34.757  22.309 3.61e-17 2.80e-17 1.69e-17   0.002    0.69
P03864  34.887  18.852 3.15e-16 1.95e-16 9.99e-17  -0.000    0.24
P02965  34.794  15.414 1.35e-14 3.98e-14 4.97e-14   0.002   -0.15
P03162  35.146  18.197 5.80e-17 4.17e-17 2.37e-17   0.000    0.16
P02386  35.108  15.934 3.36e-15 1.70e-15 7.68e-16   0.001   -0.16
P02130  35.041  18.232 1.77e-16 1.26e-16 6.15e-17   0.001    0.13
P04192  35.196  16.263 5.16e-16 2.72e-16 1.41e-16   0.000   -0.14
P03892  35.269  18.026 4.69e-14 2.36e-14 1.11e-14  -0.001    0.05
P02719  35.275  18.701 6.34e-16 3.58e-16 1.94e-16   0.002    0.27
P00650  35.233  18.758 3.78e-16 2.14e-16 1.21e-16   0.000    0.33
P05071  35.376  21.009 7.98e-16 4.08e-16 1.95e-16  -0.000    0.56
P00562  35.398  22.797 2.35e-15 2.54e-15 2.04e-15   0.015    0.19
P03920  35.404  16.241 1.30e-16 7.79e-17 4.92e-17  -0.001   -0.14
P00084  35.574  18.019 9.41e-14 1.05e-13 8.70e-14   0.000    0.11
P04522  35.478  18.611 1.16e-15 6.72e-16 3.24e-16   0.001    0.21
P04388  35.480  22.198 8.00e-17 5.21e-17 2.94e-17   0.001    0.68
P00115  35.778  18.795 1.55e-13 9.12e-14 5.49e-14   0.001    0.31
P04426  35.666  19.347 3.00e-15 1.49e-15 6.42e-16  -0.001    0.44
P02651  35.640  18.576 3.81e-17 3.01e-17 1.71e-17   0.000    0.27
P04184  35.728  15.049 3.67e-16 2.31e-16 1.22e-16  -0.000   -0.19
P01438  35.684  15.827 1.09e-16 8.58e-17 4.40e-17   0.000   -0.25
P04945  35.845  20.426 3.04e-15 1.69e-15 6.67e-16   0.000    0.55
P01082  35.898  20.268 2.39e-15 1.11e-15 5.38e-16   0.000    0.57
P00322  35.779  18.358 3.08e-17 2.52e-17 1.68e-17   0.000    0.23
P02297  35.815  16.481 2.01e-15 1.04e-15 5.24e-16  -0.000   -0.20
P01258  35.954  18.528 2.41e-17 1.99e-17 1.33e-17   0.001    0.19
P03742  35.976  19.417 1.62e-15 7.36e-15 2.03e-14   0.001    0.42
P05120  35.910  15.410 9.23e-16 4.90e-16 2.70e-16   0.001   -0.20
P02086  36.084  20.362 5.44e-15 2.44e-15 1.09e-15   0.001    0.67
P03054  36.150  16.582 6.38e-16 3.95e-15 1.30e-14  -0.000   -0.11
P02403  36.204  16.837 5.68e-17 4.62e-17 2.63e-17  -0.001   -0.13
P02899  35.972  19.605 5.83e-16 3.28e-16 1.79e-16  -0.001    0.59
P04122  36.210  17.173 5.44e-17 4.14e-17 2.72e-17   0.001   -0.08
P00527  36.161  20.311 2.51e-16 1.28e-16 7.63e-17   0.001    0.62
P00207  36.231  18.597 1.05e-15 5.95e-16 2.86e-16   0.002    0.28
P02096  36.253  17.673 4.18e-16 2.45e-16 1.33e-16   0.001    0.01
P02158  36.275  17.741 2.51e-16 1.44e-16 8.58e-17   0.002    0.00
P02016  36.281  17.003 6.49e-15 2.91e-15 1.26e-15   0.001   -0.15
P01740  36.466  18.471 1.58e-17 1.30e-17 9.43e-18   0.001    0.26
P04980  36.298  19.362 1.94e-15 1.00e-15 4.41e-16   0.002    0.49
P05076  36.373  18.550 3.77e-14 6.79e-14 7.78e-14  -0.001    0.29
P00771  36.494  18.729 2.07e-17 1.53e-17 1.06e-17   0.001    0.34
P03980  36.484  18.670 2.14e-17 1.90e-17 1.34e-17   0.002    0.30
P04442  36.471  15.163 2.19e-17 1.73e-17 1.14e-17   0.001   -0.19
P01292  36.483  19.251 2.29e-17 1.79e-17 1.36e-17  -0.001    0.48
P05042  36.478  18.569 1.21e-16 8.33e-17 5.00e-17   0.001    0.24
P01165  36.523  18.590 6.71e-15 3.42e-15 1.49e-15   0.001    0.26
P04541  36.573  20.635 1.49e-15 8.20e-16 3.59e-16   0.000    0.70
P03329  36.588  18.133 2.17e-16 1.50e-16 7.02e-17   0.000    0.05
P02811  36.685  17.703 6.04e-15 3.11e-15 1.34e-15  -0.001   -0.02
P00185  36.578  19.701 1.69e-15 8.69e-16 4.42e-16   0.001    0.54
P03179  36.518  18.802 1.58e-15 7.25e-16 4.13e-16  -0.001    0.33
P03392  36.595  17.246 1.62e-17 1.34e-17 8.58e-18  -0.000   -0.13
P02253  36.718  17.711 3.17e-15 1.62e-15 7.19e-16   0.000   -0.07
P02509  36.584  18.176 1.39e-13 9.32e-14 6.90e-14   0.000    0.11
P04857  36.641  17.425 8.12e-16 4.62e-16 2.39e-16   0.000   -0.10
P00599  36.652  18.929 3.14e-17 2.66e-17 1.51e-17  -0.000    0.44
P00946  36.600  19.753 1.45e-13 9.34e-14 6.15e-14  -0.001    0.56
P04206  36.801  23.699 1.96e-15 1.16e-15 5.04e-16   0.000    0.81
P00690  36.762  18.139 1.65e-17 1.38e-17 1.04e-17   0.000    0.08
P01073  36.753  18.290 1.20e-13 7.13e-14 4.56e-14   0.000    0.18
P04832  36.825  19.122 1.25e-15 5.58e-16 2.99e-16  -0.000    0.55
P05103  36.841  19.758 6.14e-16 3.48e-16 1.70e-16  -0.001    0.59
P01160  36.720  20.007 7.59e-14 4.08e-14 1.81e-14  -0.000    0.65
P04155  36.850  18.595 2.00e-15 9.18e-16 4.01e-16   0.000    0.33
P03376  36.720  18.151 6.07e-15 2.98e-15 1.31e-15   0.001    0.09
P02392  36.782  16.183 2.53e-17 2.02e-17 1.47e-17   0.000   -0.17
P00008  36.905  18.249 1.41e-17 1.14e-17 7.91e-18   0.002    0.09
P00766  36.794  18.300 1.33e-13 8.36e-14 4.33e-14   0.002    0.09
P02693  36.727  16.669 3.15e-15 1.66e-15 8.00e-16   0.001   -0.16
P03131  36.788  17.819 3.51e-15 1.95e-15 9.31e-16   0.000    0.01
P03868  36.782  18.618 3.47e-16 2.14e-16 1.06e-16   0.002    0.28
P03970  36.868  19.242 1.27e-16 8.87e-17 4.45e-17   0.002    0.56
P02889  36.825  18.342 4.22e-15 2.23e-15 9.60e-16   0.001    0.14
P00189  36.832  17.210 3.69e-17 3.18e-17 1.86e-17  -0.000   -0.11
P02679  36.847  20.002 2.42e-17 1.86e-17 1.38e-17  -0.001    0.63
P01175  36.694  19.023 7.47e-14 4.22e-14 2.24e-14   0.000    0.52
P03094  37.028  18.207 3.93e-16 2.22e-16 1.14e-16  -0.001    0.04
P03859  36.790  21.195 1.97e-16 1.31e-16 6.99e-17  -0.000    0.72
P01965  36.850  18.852 1.31e-16 9.57e-17 5.49e-17   0.000    0.44
P04030  37.034  18.645 2.49e-14 4.59e-14 6.40e-14   0.000    0.28
P04279  36.876  18.568 3.67e-15 2.06e-15 1.00e-15   0.000    0.12
P03415  36.984  18.143 4.64e-17 3.24e-17 2.02e-17   0.003    0.09
P02267  37.177  22.414 1.08e-16 6.85e-17 4.30e-17   0.001    0.83
P02919  37.096  18.394 9.07e-16 4.47e-16 2.34e-16   0.001    0.09
P01386  36.857  18.033 1.10e-17 9.45e-18 6.92e-18  -0.000    0.09
P01908  37.069  18.557 2.06e-15 9.94e-16 4.49e-16   0.001    0.20
P00869  37.043  18.537 1.40e-17 1.18e-17 8.50e-18  -0.001    0.26
P00196  36.982  18.310 1.05e-16 6.93e-17 3.69e-17   0.000    0.10
P02097  37.049  17.809 1.33e-15 7.67e-16 3.34e-16   0.002   -0.07
P03509  37.041  18.640 1.38e-16 8.62e-17 4.85e-17   0.001    0.36
P04202  37.088  18.904 1.25e-17 1.05e-17 7.28e-18  -0.000    0.50
P03837  36.967  18.226 1.95e-15 1.05e-15 4.90e-16  -0.001    0.10
P01719  37.014  18.722 3.54e-15 1.85e-15 8.52e-16   0.001    0.38
P03512  37.035  16.989 1.03e-15 5.43e-15 1.68e-14   0.001   -0.09
P00780  37.091  18.556 3.79e-17 2.69e-17 1.76e-17   0.000    0.35
P00878  37.271  17.346 2.03e-17 1.70e-17 1.13e-17  -0.000   -0.06
P00571  37.158  19.852 1.24e-17 9.72e-18 7.36e-18   0.000    0.68
P03955  37.025  18.821 6.01e-17 3.99e-17 2.36e-17   0.001    0.50
P04240  37.133  18.617 4.27e-14 2.34e-14 1.06e-14  -0.001    0.37
P03767  37.151  18.554 6.03e-14 2.74e-14 1.11e-14   0.000    0.32
P04047  37.053  18.336 1.66e-16 1.18e-16 6.71e-17   0.003    0.26
P02943  37.077  18.595 3.92e-17 2.88e-17 1.84e-17   0.000    0.36
P03324  37.183  19.092 1.47e-17 1.23e-17 8.99e-18   0.003    0.56
P00620  37.111  18.570 1.94e-15 1.03e-15 4.83e-16  -0.000    0.23
P01334  37.103  18.536 1.22e-15 6.62e-16 3.13e-16   0.001    0.32
P00657  37.062  18.405 2.06e-17 1.67e-17 1.16e-17   0.002    0.16
P00286  37.134  21.409 1.01e-16 7.44e-17 3.94e-17   0.001    0.77
P00924  37.017  18.381 5.22e-17 3.45e-17 2.24e-17  -0.000    0.19
P02109  37.095  18.457 5.37e-16 3.08e-16 1.66e-16   0.001    0.35
P00595  37.120  18.578 5.80e-16 3.63e-16 1.75e-16   0.000    0.33
P04865  37.255  18.543 2.61e-15 1.33e-15 6.33e-16   0.001    0.31
P03690  37.267  18.473 1.31e-16 8.95e-17 4.51e-17   0.000    0.24
P00843  37.188  18.313 1.04e-15 5.30e-16 2.56e-16  -0.000    0.04
P03827  37.081  19.041 4.12e-15 2.06e-15 9.80e-16   0.000    0.57
P04878  37.144  18.429 4.20e-17 3.39e-17 2.39e-17   0.001    0.21
P00558  37.158  18.569 7.56e-17 5.47e-17 3.38e-17   0.002    0.42
P04991  37.179  19.073 2.04e-15 1.03e-15 5.33e-16   0.002    0.57
P01718  37.150  18.463 3.54e-16 1.91e-16 1.02e-16  -0.000    0.16
P02894  37.117  18.008 7.83e-17 5.12e-17 3.37e-17   0.004    0.08
P01715  37.088  18.656 4.10e-15 2.44e-15 1.06e-15   0.001    0.37
P00699  37.347  18.650 6.81e-17 5.00e-17 3.08e-17   0.001    0.43
P00441  37.201  18.616 2.59e-17 2.10e-17 1.36e-17   0.000    0.39
P04673  37.204  18.694 9.35e-17 6.16e-17 3.98e-17  -0.000    0.43
P05055  37.251  18.258 7.01e-17 4.79e-17 3.06e-17   0.001    0.13
P01661  37.188  18.274 9.13e-16 5.75e-16 2.74e-16   0.002    0.11
P04450  37.204  18.706 2.34e-16 1.38e-16 7.65e-17   0.000    0.40
P01240  37.267  18.285 1.89e-16 1.17e-16 6.21e-17   0.001    0.19
P03402  37.219  18.361 1.17e-16 7.34e-17 4.41e-17  -0.001    0.24
P03560  37.271  20.684 5.25e-15 2.29e-15 1.05e-15  -0.000    0.72
P04456  37.202  18.015 2.21e-17 1.88e-17 1.17e-17   0.001    0.09
P02402  37.230  18.386 6.47e-17 5.24e-17 2.90e-17   0.001    0.18
P03460  37.278  19.860 1.38e-13 9.97e-14 6.73e-14  -0.000    0.72
P02724  37.329  18.690 5.17e-16 3.15e-16 1.68e-16   0.001    0.45
P02260  37.266  15.097 4.11e-17 3.30e-17 1.83e-17   0.001   -0.16
P02327  37.238  17.238 3.37e-17 2.61e-17 1.72e-17   0.001   -0.08
P03554  37.319  18.580 2.25e-15 1.22e-15 5.52e-16   0.001    0.35
P00138  37.429  19.717 2.30e-16 1.27e-16 7.66e-17  -0.000    0.66
P02511  37.386  18.485 2.55e-17 1.95e-17 1.25e-17   0.002    0.28
P01123  37.325  19.582 3.82e-16 2.26e-16 1.05e-16   0.002    0.67
P03086  37.272  22.893 3.13e-17 2.61e-17 1.72e-17  -0.001    0.82
P00136  37.316  19.867 1.11e-16 6.75e-17 4.33e-17  -0.001    0.71
P00818  37.368  18.336 1.79e-15 9.29e-16 3.85e-16   0.000    0.20
P01663  37.313  18.652 1.34e-16 8.81e-17 5.24e-17   0.002    0.46
P01360  37.417  18.741 8.49e-14 4.41e-14 2.05e-14   0.002    0.39
P01127  37.428  19.049 4.04e-17 3.24e-17 1.94e-17  -0.000    0.55
P00517  37.346  18.476 9.29e-17 6.73e-17 3.97e-17   0.001    0.36
P04565  37.351  18.464 1.05e-16 8.04e-17 4.13e-17   0.000    0.22
P02305  37.454  19.819 1.37e-17 1.15e-17 8.48e-18   0.002    0.64
P03640  37.354  17.737 1.00e-17 7.90e-18 7.01e-18   0.001    0.08
P02088  37.391  18.187 4.02e-15 2.14e-15 9.65e-16  -0.000    0.19
P00971  37.448  18.097 3.34e-15 1.70e-15 7.78e-16   0.002    0.14
P04168  37.435  16.674 1.10e-17 8.95e-18 6.43e-18  -0.000   -0.08
P00553  37.316  18.387 6.82e-17 5.30e-17 3.18e-17   0.002    0.24
P03391  37.403  18.842 1.19e-16 8.41e-17 4.31e-17  -0.002    0.55
P01747  37.381  18.027 3.19e-16 1.88e-16 9.68e-17  -0.001    0.14
P01301  37.513  20.123 1.69e-17 1.28e-17 9.30e-18   0.002    0.70
P04346  37.589  17.560 1.17e-16 7.91e-17 4.26e-17   0.001   -0.03
P03575  37.563  18.425 2.18e-16 1.54e-16 8.52e-17   0.001    0.34
P04764  37.512  18.797 1.18e-15 7.12e-16 3.37e-16   0.001    0.44
P02198  37.534  17.545 4.94e-15 2.58e-15 1.15e-15   0.001    0.02
P00360  37.606  16.728 2.11e-15 1.05e-15 4.84e-16   0.001   -0.12
P01754  37.561  21.586 3.37e-17 2.68e-17 1.79e-17   0.000    0.81
P00943  37.543  18.458 1.04e-13 5.70e-14 2.94e-14   0.001    0.27
P04172  37.723  19.536 5.67e-16 3.58e-16 1.61e-16   0.000    0.70
P02650  37.559  17.198 8.37e-15 2.12e-14 4.48e-14   0.001   -0.03
P04708  37.543  18.903 1.07e-15 6.15e-16 2.81e-16   0.000    0.55
P04690  37.599  19.137 3.75e-17 3.02e-17 1.70e-17  -0.001    0.67
P04234  37.458  18.722 7.25e-17 5.35e-17 3.46e-17   0.001    0.46
P04519  37.598  20.432 6.08e-14 3.20e-14 1.48e-14   0.000    0.75
P02326  37.597  19.588 1.49e-16 9.71e-17 5.34e-17   0.003    0.66
P05146  37.599  19.307 5.58e-16 3.47e-16 1.77e-16   0.001    0.63
P03503  37.673  18.812 1.91e-17 1.90e-17 1.09e-17   0.001    0.43
P03030  37.628  18.194 1.12e-17 9.23e-18 6.44e-18  -0.000    0.20
P00585  37.649  17.824 7.94e-17 5.72e-17 3.26e-17   0.001    0.12
P03534  37.689  18.493 6.15e-17 4.70e-17 3.28e-17  -0.001    0.31
P01188  37.700  18.943 8.13e-15 2.21e-14 4.28e-14  -0.001    0.48
P02431  37.696  20.159 1.04e-13 9.78e-14 9.64e-14   0.001    0.76
P00248  37.578  19.469 3.22e-17 2.74e-17 1.55e-17   0.001    0.65
P00242  37.649  16.804 1.31e-13 8.92e-14 4.70e-14   0.001   -0.01
P01752  37.714  18.460 4.24e-16 2.30e-16 1.30e-16   0.001    0.33
P05082  37.806  18.389 2.43e-16 1.63e-16 7.76e-17   0.000    0.38
P03667  37.860  18.380 3.11e-16 2.11e-16 1.05e-16   0.003    0.34
P01372  37.939  21.692 5.34e-17 4.11e-17 2.24e-17  -0.000    0.84
P00682  37.825  22.039 2.78e-16 1.59e-16 8.65e-17   0.002    0.74
P01250  37.853  16.994 2.39e-17 2.03e-17 1.38e-17   0.001    0.02
P03345  37.975  20.640 2.20e-15 1.27e-15 5.55e-16   0.000    0.76
P01035  37.872  19.667 5.20e-14 7.90e-14 9.17e-14  -0.000    0.68
P04340  37.889  19.258 3.80e-15 2.00e-15 9.13e-16   0.000    0.51
P01212  38.024  18.897 1.16e-15 6.40e-16 2.99e-16   0.002    0.48
P04561  38.079  19.257 1.20e-16 8.23e-17 4.43e-17   0.000    0.59
P03379  37.939  22.114 1.41e-15 8.81e-16 3.53e-16   0.001    0.85
P00823  38.130  20.668 8.03e-17 5.14e-17 3.17e-17   0.000    0.80
P03962  38.129  19.891 1.16e-17 1.03e-17 7.34e-18  -0.000    0.67
P01928  38.172  16.278 1.15e-16 8.45e-17 4.43e-17   0.001   -0.01
P02674  38.185  16.827 1.66e-17 1.42e-17 9.57e-18  -0.001    0.06
P00347  38.234  18.663 1.02e-16 7.32e-17 4.23e-17   0.000    0.38
P04361  38.183  15.027 7.73e-17 5.30e-17 3.20e-17   0.002   -0.07
P04449  38.241  18.420 1.37e-17 1.17e-17 8.92e-18  -0.000    0.33
P01734  38.346  27.180 1.42e-13 1.00e-13 6.29e-14   0.002    0.87
P01335  38.373  20.050 7.31e-17 4.73e-17 2.93e-17   0.002    0.66
P00663  38.331  21.958 1.28e-15 6.57e-16 3.05e-16  -0.001    0.83
P03134  38.413  19.313 3.35e-17 2.66e-17 1.70e-17   0.002    0.60
P04566  38.524  20.429 8.80e-16 5.14e-16 2.44e-16  -0.000    0.75
P02990  38.642  23.115 4.40e-16 2.47e-16 1.24e-16  -0.001    0.88
P00200  38.482  20.257 2.14e-15 1.22e-15 4.93e-16   0.001    0.71
P04775  38.565  18.281 1.82e-17 1.51e-17 1.16e-17  -0.001    0.38
P02834  38.468  19.299 3.16e-17 2.67e-17 1.61e-17   0.001    0.51
P02283  38.671  19.189 8.23e-17 5.67e-17 3.43e-17   0.000    0.53
P03088  38.823  21.615 3.85e-15 4.78e-15 4.05e-15   0.035    0.14
P03686  38.878  18.819 7.33e-16 3.93e-16 1.98e-16   0.001    0.49
P00896  38.980  19.671 4.41e-16 2.58e-16 1.41e-16  -0.001    0.56
P02257  39.027  19.191 1.33e-16 8.84e-17 4.79e-17   0.001    0.49
P04427  39.257  23.071 3.84e-17 2.84e-17 1.93e-17   0.000    0.87
P05021  39.248  18.636 1.98e-15 1.12e-15 4.78e-16   0.001    0.44
P00377  39.284  19.805 1.35e-15 7.07e-16 3.25e-16   0.003    0.66
P04644  39.236  24.849 5.40e-17 4.22e-17 2.55e-17   0.001    0.87
P00230  39.362  21.176 4.43e-16 2.47e-16 1.28e-16   0.001    0.75
P02206  39.364  18.141 1.29e-13 8.52e-14 4.28e-14   0.000    0.27
P03418  39.345  17.921 1.39e-15 7.47e-16 3.59e-16   0.001    0.28
P04113  39.486  21.820 1.96e-16 1.27e-16 7.12e-17   0.003    0.78
P01973  39.549  21.127 7.00e-17 4.62e-17 3.06e-17  -0.000    0.74
P01970  39.714  19.987 3.50e-15 1.84e-15 9.23e-16   0.000    0.59
P01905  39.800  17.563 4.40e-16 2.57e-16 1.42e-16   0.001    0.35
P05009  40.053  20.536 7.42e-15 3.65e-15 1.45e-15   0.002    0.64
P04434  40.102  21.258 2.05e-14 3.97e-14 6.26e-14   0.001    0.76
P03241  40.022  23.952 2.75e-17 2.43e-17 1.44e-17   0.002    0.88
P03305  40.177  20.418 7.55e-17 5.60e-17 3.29e-17   0.000    0.63
P02163  40.402  18.415 9.01e-17 5.60e-17 3.60e-17   0.001    0.39
P04970  41.873  18.790 1.33e-17 1.15e-17 9.19e-18   0.001    0.40
P04016  43.870  27.073 1.11e-16 7.37e-17 4.33e-17  -0.002    0.79
