name x y flux1 flux2 flux3 par rv
P01285  -7.241  43.326 2.28e-16 1.44e-16 7.31e-17   0.001    0.70
P04818  -6.916  41.980 3.30e-15 1.68e-15 7.21e-16   0.001    1.01
P05128  -6.264  42.407 1.83e-14 3.23e-14 4.11e-14   0.002    0.87
P04929  -6.250  43.156 6.08e-16 3.23e-16 1.62e-16  -0.000    0.70
P02003  -4.671  41.600 1.56e-15 8.26e-16 3.86e-16   0.002    1.05
P03743  -4.534  42.694 1.43e-17 1.16e-17 7.80e-18   0.001    0.72
P03226  -4.468  41.987 1.13e-16 7.83e-17 3.98e-17   0.000    0.98
P01080  -4.241  40.763 3.35e-15 1.57e-15 7.18e-16   0.002    0.82
P02852  -4.141  41.404 9.45e-16 5.24e-16 2.35e-16   0.000    0.94
P03039  -4.053  42.018 1.08e-17 8.56e-18 6.30e-18   0.001    0.91
P03463  -3.872  42.614 2.80e-17 2.02e-17 1.29e-17  -0.000    0.54
P02550  -3.919  40.941 8.05e-17 5.18e-17 3.00e-17   0.000    0.69
P01057  -3.683  42.452 1.30e-15 6.69e-16 3.13e-16  -0.001    0.77
P00419  -3.636  41.998 1.67e-16 9.74e-17 5.33e-17   0.000    0.93
P00555  -3.502  43.250 2.59e-15 1.21e-15 5.62e-16   0.000    0.31
P02420  -3.538  42.315 5.92e-17 3.88e-17 2.35e-17  -0.001    0.65
P02858  -3.350  42.023 2.89e-17 2.19e-17 1.34e-17  -0.001    0.92
P04831  -3.362  41.080 1.16e-16 7.00e-17 4.12e-17   0.001    0.64
P04772  -3.274  41.763 2.75e-14 1.39e-14 6.16e-15   0.001    0.84
P05032  -3.332  42.422 2.73e-15 1.34e-15 6.00e-16   0.000    0.55
P02567  -3.222  41.234 5.66e-17 3.88e-17 2.14e-17   0.001    0.66
P03321  -3.082  41.544 3.95e-14 2.05e-14 9.94e-15   0.000    0.62
P04245  -3.066  42.227 7.05e-17 4.78e-17 2.63e-17   0.001    0.76
P04642  -3.052  41.996 1.19e-17 9.41e-18 6.63e-18   0.000    0.74
P01236  -2.877  42.576 2.08e-17 1.59e-17 1.03e-17   0.001    0.40
P03635  -2.778  41.990 3.81e-17 2.72e-17 1.66e-17   0.001    0.71
P00145  -2.835  42.042 1.87e-15 9.58e-16 4.37e-16   0.001    0.62
P00536  -2.792  41.764 4.16e-16 2.42e-16 1.14e-16   0.001    0.71
P01917  -2.870  41.919 1.86e-17 1.43e-17 9.95e-18   0.001    0.72
P02704  -2.794  42.252 3.06e-16 1.69e-16 9.20e-17  -0.000    0.73
P04144  -2.854  42.917 5.65e-17 3.75e-17 2.20e-17  -0.000    0.23
P04573  -2.796  41.915 7.47e-14 5.13e-14 3.11e-14   0.002    0.67
P03782  -2.582  42.260 1.49e-16 9.60e-17 4.99e-17   0.002    0.47
P00594  -2.736  42.030 3.83e-16 2.21e-16 1.12e-16   0.001    0.66
P00760  -2.583  42.723 2.80e-17 2.07e-17 1.40e-17   0.000    0.23
P02062  -2.648  42.352 2.62e-16 1.44e-16 7.53e-17   0.001    0.43
P04904  -2.532  42.026 6.24e-14 3.69e-14 1.78e-14   0.001    0.60
P05130  -2.632  42.068 1.10e-15 5.52e-16 2.79e-16   0.000    0.47
P01841  -2.513  42.245 1.09e-16 7.01e-17 3.95e-17   0.000    0.38
P03787  -2.462  42.436 1.25e-17 1.04e-17 6.81e-18  -0.001    0.48
P00046  -2.456  42.820 1.19e-15 5.15e-15 1.37e-14   0.002    0.09
P00460  -2.433  42.067 1.01e-17 8.59e-18 5.81e-18   0.001    0.38
P04655  -2.508  41.979 1.88e-16 1.14e-16 5.95e-17   0.001    0.53
P02453  -2.493  42.619 3.31e-16 2.03e-16 9.88e-17   0.001    0.26
P03520  -2.483  42.262 9.72e-16 5.01e-16 2.42e-16   0.000    0.53
P05133  -2.428  42.527 7.20e-17 4.74e-17 2.75e-17  -0.000    0.26
P00746  -2.451  42.242 3.09e-14 4.26e-14 4.53e-14   0.000    0.52
P03633  -2.429  42.182 3.58e-17 2.62e-17 1.56e-17   0.001    0.52
P02190  -2.369  42.799 2.79e-17 1.98e-17 1.19e-17   0.001    0.05
P01912  -2.408  42.081 2.42e-17 1.83e-17 1.14e-17   0.000    0.42
P04645  -2.218  42.162 2.90e-16 1.73e-16 8.93e-17   0.000    0.48
P00466  -2.410  41.788 1.11e-16 6.97e-17 3.88e-17   0.001    0.28
P02002  -2.279  42.231 1.49e-17 1.22e-17 8.08e-18  -0.000    0.44
P04399  -2.292  42.304 1.42e-16 8.47e-17 4.81e-17   0.001    0.39
P01647  -2.148  42.132 2.64e-17 1.91e-17 1.16e-17   0.001    0.44
P01820  -2.281  42.230 1.17e-15 5.85e-16 2.76e-16  -0.000    0.35
P04164  -2.162  42.125 6.06e-16 3.24e-16 1.59e-16  -0.001    0.20
P04126  -2.212  42.190 7.48e-17 4.85e-17 2.71e-17  -0.001    0.20
P03427  -2.152  42.151 2.89e-16 1.69e-16 8.71e-17   0.001    0.30
P04347  -2.343  42.336 5.46e-14 3.07e-14 1.54e-14   0.002    0.26
P00563  -2.155  42.357 3.39e-16 1.86e-16 9.80e-17  -0.000    0.20
P04288  -2.310  42.763 7.50e-14 5.98e-14 4.21e-14   0.000   -0.06
P02597  -2.075  42.633 3.59e-16 2.11e-16 1.02e-16   0.001   -0.05
P02108  -2.073  41.869 1.58e-16 1.00e-16 5.02e-17   0.001    0.24
P01927  -2.225  42.395 2.26e-15 1.20e-15 5.33e-16   0.001    0.13
P00649  -2.206  42.282 1.90e-16 1.09e-16 5.89e-17   0.001    0.05
P00942  -2.182  42.354 1.63e-15 8.23e-16 3.75e-16  -0.002   -0.00
P03283  -2.081  42.180 1.11e-16 7.20e-17 3.95e-17  -0.001    0.16
P03006  -2.174  42.597 2.84e-16 1.71e-16 8.55e-17   0.001   -0.08
P03993  -2.191  42.362 2.62e-17 1.95e-17 1.22e-17   0.001    0.00
P03344  -2.084  42.243 6.39e-16 3.56e-16 1.80e-16   0.001   -0.05
P04556  -2.053  42.316 3.59e-14 1.78e-14 8.58e-15  -0.000   -0.01
P01108  -2.079  42.133 1.42e-17 1.06e-17 7.44e-18   0.002   -0.10
P02384  -2.108  42.271 5.13e-14 2.89e-14 1.47e-14   0.001   -0.06
P02294  -2.226  42.197 1.20e-17 1.01e-17 6.73e-18  -0.000    0.04
P03571  -2.119  42.368 1.25e-17 9.82e-18 6.40e-18   0.001   -0.25
P05119  -2.055  42.242 1.37e-17 1.12e-17 7.46e-18   0.001    0.07
P04824  -2.096  42.315 3.95e-17 2.89e-17 1.80e-17   0.001   -0.14
P04962  -2.062  42.061 5.28e-17 3.55e-17 2.17e-17   0.001    0.07
P01140  -1.995  41.904 3.55e-15 1.75e-15 7.69e-16  -0.001    0.08
P04050  -2.142  42.460 2.75e-17 1.98e-17 1.25e-17   0.001   -0.09
P02222  -2.147  42.203 2.29e-16 1.36e-16 7.04e-17   0.002    0.00
P04326  -2.023  42.066 1.05e-14 2.14e-14 3.23e-14   0.001    0.06
P03903  -2.120  41.963 3.90e-17 2.94e-17 1.61e-17  -0.001    0.10
P00975  -1.973  42.405 5.73e-14 3.48e-14 1.82e-14   0.002   -0.19
P04682  -2.044  42.257 8.66e-17 5.62e-17 3.01e-17   0.000    0.02
P02867  -2.093  42.007 2.09e-15 1.06e-15 5.12e-16   0.001    0.02
P00272  -2.135  42.581 1.57e-17 1.29e-17 8.16e-18   0.000   -0.23
P00428  -1.931  42.094 6.18e-14 3.60e-14 1.91e-14   0.002   -0.11
P04594  -2.002  42.495 5.24e-17 3.66e-17 2.08e-17   0.001   -0.18
P00743  -1.991  42.466 1.83e-15 9.43e-16 4.37e-16   0.001   -0.30
P02623  -2.006  43.452 8.20e-14 6.03e-14 3.85e-14   0.001   -0.15
P05054  -1.920  42.134 7.46e-14 4.93e-14 2.84e-14   0.002   -0.15
P02630  -1.896  42.381 6.83e-17 4.37e-17 2.54e-17   0.001   -0.30
P00097  -1.822  42.313 2.99e-15 1.43e-15 6.18e-16   0.003   -0.34
P01614  -1.839  42.517 1.43e-15 7.41e-16 3.22e-16   0.001   -0.24
P03249  -1.725  41.270 2.63e-15 1.30e-15 5.57e-16   0.001    0.16
P03814  -1.698  42.206 4.97e-16 2.61e-16 1.35e-16   0.001   -0.38
P02445  -1.862  42.628 1.52e-16 9.08e-17 4.90e-17   0.001   -0.32
P03155  -1.802  42.241 8.95e-17 5.73e-17 3.26e-17   0.002   -0.30
P03989  -1.790  41.921 2.67e-17 1.91e-17 1.18e-17   0.001   -0.05
P04637  -1.783  42.015 2.88e-16 1.81e-16 9.19e-17  -0.000   -0.04
P01541  -1.757  42.539 1.14e-15 5.84e-16 2.75e-16  -0.001   -0.38
P01826  -1.718  42.380 6.93e-14 4.36e-14 2.32e-14  -0.000   -0.50
P04889  -1.484  41.966 9.62e-16 5.24e-16 2.47e-16   0.001   -0.24
P04332  -1.591  42.234 3.44e-16 1.96e-16 1.04e-16   0.000   -0.53
P03828  -1.460  42.336 1.70e-15 9.06e-16 4.15e-16   0.001   -0.60
P01969  -1.363  42.645 2.11e-17 1.57e-17 1.00e-17   0.001   -0.53
P01506  -1.438  42.325 2.29e-15 1.08e-15 5.17e-16   0.000   -0.56
P00392  -1.292  42.328 3.01e-16 1.77e-16 9.41e-17   0.000   -0.55
P01048  -1.289  41.768 1.81e-15 9.24e-16 4.27e-16   0.000   -0.19
P03071  -1.096  43.228 2.29e-17 1.75e-17 1.13e-17   0.001   -0.45
P02505  -1.333  41.904 2.54e-14 1.13e-14 5.92e-15   0.000   -0.25
P04968  -1.211  42.624 4.85e-16 2.69e-16 1.26e-16  -0.000   -0.70
P04796  -0.983  42.298 4.02e-14 2.15e-14 9.33e-15   0.002   -0.70
P04612  -0.768  44.114 3.45e-15 1.66e-15 7.63e-16   0.001   -0.31
P03543  -0.859  42.784 9.35e-17 6.33e-17 3.24e-17  -0.001   -0.71
P03721  -0.709  43.163 5.66e-17 3.97e-17 2.30e-17   0.001   -0.63
P01156  -0.734  43.062 2.75e-14 1.39e-14 6.50e-15   0.001   -0.67
P01617  -0.527  43.037 2.03e-17 1.65e-17 9.76e-18  -0.002   -0.70
P03475  -0.597  42.716 6.76e-17 4.77e-17 2.60e-17   0.002   -0.73
P00812  -0.499  42.314 1.90e-17 1.51e-17 9.23e-18   0.002   -0.76
P04760  -0.460  42.765 5.23e-17 3.59e-17 2.07e-17  -0.001   -0.77
P02430  -0.358  41.993 2.42e-17 1.94e-17 1.17e-17  -0.000   -0.59
P00864  -0.328  42.145 5.50e-17 3.82e-17 2.09e-17   0.001   -0.54
P01772  -0.147  41.978 1.74e-17 1.38e-17 8.38e-18   0.001   -0.53
P01003  -0.051  42.741 2.22e-17 1.63e-17 1.01e-17   0.001   -0.88
