name x y flux0 flux1 flux2 width rv
F02842  42.622  30.972 1.67e-17 1.19e-17 7.85e-18 13.90 2287.74
F02834  42.654  30.875 1.96e-17 1.38e-17 9.56e-18 12.93 2287.99
F02836  42.690  30.767 1.42e-17 1.29e-17 8.50e-18 17.02 2287.71
F02832  42.691  30.908 1.39e-17 1.04e-17 6.80e-18 11.40 2287.90
F02825  42.700  30.785 1.86e-17 1.38e-17 9.38e-18 13.35 2287.79
F02835  42.735  30.895 1.44e-17 1.00e-17 7.91e-18 15.22 2287.80
F02841  42.735  30.893 2.03e-17 1.23e-17 1.02e-17 12.41 2287.75
F02838  42.748  30.922 1.80e-17 1.57e-17 9.93e-18 15.80 2288.06
F02846  42.754  30.932 1.78e-17 1.24e-17 9.41e-18 15.56 2287.83
F02843  42.761  30.929 1.64e-17 1.03e-17 6.59e-18 12.19 2287.94
F02839  42.764  30.935 1.61e-17 1.17e-17 8.13e-18 14.66 2287.89
F02823  42.783  30.862 2.05e-17 1.19e-17 8.84e-18 12.08 2287.87
F02829  42.789  30.840 2.44e-17 1.78e-17 1.05e-17 12.04 2287.83
F02845  42.791  30.938 1.45e-17 1.01e-17 6.60e-18 17.80 2287.79
F02827  42.808  30.901 2.64e-17 1.71e-17 1.12e-17 11.82 2287.96
F02830  42.823  30.925 2.55e-17 1.67e-17 1.14e-17 15.84 2287.88
F02840  42.838  31.008 2.15e-17 1.60e-17 1.01e-17 15.51 2287.96
F02821  42.839  31.038 1.98e-17 1.34e-17 9.54e-18 16.24 2287.93
F02820  42.879  31.026 1.63e-17 1.11e-17 7.92e-18 13.72 2287.89
