name x y flux0 flux1 flux2 width rv
F01869 -18.266  25.719 1.71e-17 1.09e-17 7.99e-18 15.77 2064.31
F01852 -18.257  25.932 1.97e-17 1.37e-17 1.06e-17 18.70 2064.26
F01867 -18.197  25.708 1.72e-17 1.08e-17 7.75e-18 18.18 2064.45
F01858 -18.166  25.751 3.06e-17 2.25e-17 1.29e-17 14.09 2064.39
F01864 -18.161  25.679 2.58e-17 2.10e-17 1.35e-17 16.63 2064.35
F01850 -18.160  25.730 2.09e-17 1.64e-17 9.41e-18 20.23 2064.35
F01845 -18.157  25.771 1.82e-17 1.15e-17 7.99e-18 16.43 2064.29
F01863 -18.156  25.733 2.31e-17 1.45e-17 1.05e-17 13.89 2064.57
F01866 -18.155  25.772 2.72e-17 1.81e-17 1.10e-17 16.52 2064.21
F01847 -18.154  25.753 3.82e-17 2.66e-17 1.62e-17 14.07 2064.28
F01846 -18.140  25.726 2.00e-17 1.06e-17 8.61e-18 12.80 2064.44
F01841 -18.137  25.790 1.73e-17 1.03e-17 7.95e-18 13.63 2064.42
F01870 -18.132  25.727 1.76e-17 1.19e-17 7.39e-18 16.94 2064.48
F01855 -18.132  25.711 2.07e-17 1.25e-17 8.44e-18 15.89 2064.41
F01861 -18.114  25.659 2.17e-17 1.80e-17 1.15e-17 17.12 2064.39
F01868 -18.089  25.748 1.56e-17 1.05e-17 7.44e-18 20.93 2064.16
