name x y flux0 flux1 flux2 width rv
F00823  12.811 -10.204 2.66e-17 2.91e-17 1.89e-17 30.48 1232.24
F00828  12.828 -10.234 2.84e-17 2.13e-17 1.61e-17 30.26 1232.05
F00824  12.850 -10.277 4.43e-17 5.03e-17 2.41e-17 30.67 1232.15
F00821  12.855 -10.211 1.96e-17 1.49e-17 8.14e-18 30.54 1232.02
F00830  12.857 -10.210 6.19e-17 5.92e-17 3.67e-17 22.06 1232.03
F00836  12.907 -10.167 7.08e-17 5.49e-17 4.56e-17 27.64 1231.89
F00833  12.909 -10.223 3.71e-17 2.09e-17 1.78e-17 22.51 1232.00
F00815  12.918 -10.201 3.77e-17 2.86e-17 1.41e-17 28.57 1231.96
F00826  12.925 -10.189 3.99e-17 2.90e-17 1.77e-17 26.46 1232.08
F00829  12.931 -10.184 9.44e-17 7.88e-17 4.08e-17 22.30 1231.91
F00837  12.939 -10.206 3.41e-17 2.67e-17 1.70e-17 27.93 1232.06
F00825  12.939 -10.212 7.92e-17 6.41e-17 3.63e-17 23.46 1232.07
F00838  12.939 -10.240 6.08e-17 2.87e-17 1.94e-17 41.56 1232.00
F00819  12.941 -10.207 4.53e-17 3.14e-17 1.88e-17 25.76 1232.02
F00816  12.941 -10.201 2.03e-17 1.88e-17 1.22e-17 26.38 1231.88
F00814  12.949 -10.200 4.58e-17 3.14e-17 1.80e-17 25.19 1232.10
F00820  12.964 -10.248 3.65e-17 2.58e-17 1.73e-17 22.40 1231.96
F00834  12.967 -10.207 4.64e-17 3.89e-17 2.26e-17 28.48 1232.07
F00822  12.969 -10.168 6.47e-17 5.45e-17 2.89e-17 32.53 1232.01
F00835  12.997 -10.454 4.19e-17 3.30e-17 1.55e-17 20.05 1232.13
F00818  13.007 -10.160 3.46e-17 2.80e-17 1.89e-17 31.20 1232.03
F00832  13.008 -10.199 3.91e-17 2.93e-17 2.02e-17 33.55 1232.18
F00817  13.042 -10.357 4.18e-17 3.15e-17 2.39e-17 21.83 1232.10
