name x y flux0 flux1 flux2 width rv
F06048 -16.587  41.773 1.83e-17 1.42e-17 9.01e-18 16.73 1939.78
F06045 -16.401  42.056 2.96e-17 2.03e-17 1.32e-17 23.11 1939.83
F06042 -16.391  41.990 3.16e-17 2.09e-17 1.51e-17 14.61 1939.95
F06030 -16.384  42.054 1.99e-17 1.42e-17 9.80e-18 17.84 1939.71
F06043 -16.357  41.770 4.31e-17 3.47e-17 2.15e-17 18.63 1939.82
F06044 -16.347  42.092 2.46e-17 1.60e-17 1.23e-17 16.70 1939.87
F06024 -16.344  41.824 1.56e-17 1.10e-17 7.09e-18 15.55 1939.78
F06031 -16.324  41.998 2.50e-17 1.78e-17 1.09e-17 20.36 1939.72
F06046 -16.324  41.974 2.74e-17 2.08e-17 1.37e-17 13.32 1939.89
F06022 -16.317  42.041 3.13e-17 2.03e-17 1.50e-17 20.78 1939.95
F06026 -16.314  42.013 2.41e-17 1.51e-17 1.04e-17 15.77 1939.66
F06033 -16.311  41.997 2.13e-17 1.39e-17 1.04e-17 19.98 1939.70
F06023 -16.300  42.026 2.09e-17 1.79e-17 9.98e-18 21.51 1939.69
F06037 -16.288  41.992 1.34e-17 1.04e-17 6.61e-18 21.74 1939.71
F06047 -16.282  41.993 1.72e-17 1.20e-17 8.09e-18 15.38 1939.63
F06028 -16.280  41.987 2.66e-17 1.83e-17 1.23e-17 20.14 1939.76
F06025 -16.278  42.000 3.26e-17 2.18e-17 1.58e-17 23.62 1939.64
F06032 -16.276  42.041 1.79e-17 1.21e-17 8.98e-18 16.29 1939.69
F06049 -16.268  42.042 2.27e-17 1.61e-17 1.17e-17 19.14 1939.56
F06041 -16.263  42.079 1.85e-17 1.42e-17 8.43e-18 19.45 1939.86
F06036 -16.257  41.999 2.07e-17 1.52e-17 9.85e-18 19.14 1939.75
F06027 -16.214  42.091 2.65e-17 1.80e-17 1.22e-17 18.27 1939.75
F06021 -16.125  41.945 1.76e-17 1.32e-17 8.62e-18 12.52 1939.76
F06039 -16.025  41.966 2.94e-17 2.08e-17 1.28e-17 18.16 1939.77
