name x y flux0 flux1 flux2 width rv
F02191  -7.769  12.218 1.54e-17 1.10e-17 8.84e-18 22.69 1633.80
F02170  -7.704  12.313 1.54e-17 1.05e-17 6.14e-18 21.42 1633.91
F02171  -7.703  12.176 2.36e-17 1.98e-17 1.01e-17 20.51 1633.85
F02193  -7.687  12.332 3.22e-17 2.35e-17 1.54e-17 23.96 1634.00
F02172  -7.682  12.227 2.27e-17 1.54e-17 1.27e-17 19.46 1633.80
F02180  -7.672  12.171 4.58e-17 3.39e-17 2.36e-17 24.69 1633.79
F02188  -7.669  12.220 2.97e-17 2.13e-17 1.55e-17 16.16 1633.76
F02187  -7.646  12.240 3.49e-17 2.45e-17 1.85e-17 21.98 1633.97
F02179  -7.636  12.233 2.19e-17 2.07e-17 1.15e-17 19.99 1633.73
F02190  -7.636  12.289 2.24e-17 1.55e-17 1.05e-17 21.73 1633.68
F02182  -7.623  12.174 3.02e-17 2.23e-17 1.66e-17 21.22 1633.81
F02177  -7.602  12.215 3.49e-17 1.85e-17 1.35e-17 20.55 1633.93
F02166  -7.587  12.207 1.68e-17 1.11e-17 9.05e-18 22.69 1633.95
F02169  -7.586  12.265 2.39e-17 1.42e-17 8.24e-18 19.28 1633.95
F02176  -7.582  12.166 2.17e-17 1.22e-17 8.58e-18 17.91 1634.01
F02189  -7.575  12.230 2.24e-17 1.20e-17 7.50e-18 22.02 1633.81
F02183  -7.574  12.209 2.06e-17 1.28e-17 8.78e-18 24.36 1633.96
F02184  -7.574  12.180 3.10e-17 2.53e-17 1.63e-17 17.54 1633.93
F02175  -7.560  12.218 2.12e-17 1.15e-17 9.00e-18 22.82 1633.88
F02186  -7.548  12.206 4.44e-17 2.44e-17 2.10e-17 17.85 1633.79
F02197  -7.513  12.232 2.62e-17 1.89e-17 1.11e-17 17.63 1633.97
F02196  -7.508  12.141 3.02e-17 1.83e-17 1.50e-17 20.73 1633.99
F02167  -7.504  12.178 3.05e-17 1.76e-17 1.41e-17 23.39 1633.72
F02181  -7.502  12.306 3.71e-17 2.82e-17 1.72e-17 20.83 1633.70
F02173  -7.498  12.163 1.72e-17 1.16e-17 9.34e-18 22.07 1633.66
F02174  -7.482  12.143 3.18e-17 2.82e-17 1.87e-17 23.40 1634.03
F02178  -7.419  12.205 2.78e-17 1.89e-17 1.14e-17 25.66 1634.01
