name x y flux0 flux1 flux2 width rv
F04654  30.899  -0.678 3.54e-17 3.50e-17 1.98e-17 22.08 1667.38
F04662  31.025  -0.094 1.67e-17 1.58e-17 7.90e-18 23.00 1667.39
F04649  31.030  -0.014 2.04e-17 1.51e-17 8.35e-18 22.81 1667.22
F04667  31.031  -0.004 2.62e-17 1.81e-17 1.18e-17 24.51 1667.44
F04653  31.054  -0.009 1.89e-17 1.03e-17 1.23e-17 25.32 1667.42
F04665  31.056  -0.043 2.98e-17 2.49e-17 1.84e-17 16.71 1667.58
F04657  31.109  -0.003 3.28e-17 2.12e-17 2.00e-17 24.20 1667.52
F04663  31.109  -0.050 3.49e-17 1.80e-17 1.94e-17 17.17 1667.39
F04648  31.317  -0.015 2.04e-17 1.80e-17 8.67e-18 18.62 1667.35
F02429  34.975  -0.656 2.32e-17 1.77e-17 1.25e-17 25.77 1427.39
F02423  35.063  -0.514 1.79e-17 1.19e-17 1.11e-17 28.25 1427.48
F02434  35.100  -0.540 2.12e-17 1.52e-17 1.18e-17 22.68 1427.50
F06474  35.113  -0.432 2.67e-17 2.01e-17 1.32e-17 26.41 1198.51
F02431  35.115  -0.550 5.50e-17 2.65e-17 1.95e-17 18.13 1427.22
F02427  35.116  -0.494 3.43e-17 2.63e-17 2.06e-17 24.10 1427.34
F02424  35.116  -0.485 5.76e-17 2.96e-17 1.81e-17 24.95 1427.39
F02417  35.117  -0.546 4.19e-17 3.31e-17 2.55e-17 27.80 1427.31
F02414  35.121  -0.549 4.05e-17 2.48e-17 9.65e-18 22.51 1427.34
F06479  35.122  -0.193 1.94e-17 2.31e-17 1.48e-17 26.12 1198.58
F02422  35.128  -0.527 6.62e-17 4.97e-17 2.98e-17 24.92 1427.16
F02425  35.136  -0.515 4.00e-17 2.80e-17 2.09e-17 19.15 1427.56
F02413  35.136  -0.535 3.78e-17 2.75e-17 1.47e-17 24.44 1427.51
F02410  35.138  -0.528 3.87e-17 3.71e-17 2.51e-17 20.78 1427.30
F02421  35.144  -0.513 3.28e-17 2.54e-17 1.60e-17 21.66 1427.35
F02435  35.147  -0.527 2.81e-17 2.34e-17 1.92e-17 24.98 1427.36
F02411  35.153  -0.524 4.69e-17 4.03e-17 1.92e-17 24.84 1427.47
F02428  35.160  -0.530 1.93e-17 1.31e-17 7.78e-18 19.86 1427.42
F02430  35.165  -0.509 5.08e-17 3.79e-17 1.58e-17 25.32 1427.33
F02415  35.168  -0.503 5.30e-17 3.57e-17 2.30e-17 22.04 1427.35
F02426  35.174  -0.538 6.58e-17 4.96e-17 2.79e-17 21.78 1427.36
F02412  35.187  -0.526 2.02e-17 1.06e-17 8.69e-18 25.50 1427.34
F02418  35.188  -0.516 2.20e-17 1.24e-17 1.15e-17 22.20 1427.41
F06484  35.189  -0.189 2.91e-17 2.35e-17 1.15e-17 25.32 1198.28
F06492  35.192  -0.450 5.35e-17 4.81e-17 2.80e-17 34.78 1198.59
F06471  35.207  -0.377 6.46e-17 5.63e-17 3.51e-17 32.40 1198.63
F06473  35.230  -0.311 7.47e-17 4.97e-17 3.06e-17 22.94 1198.77
F06472  35.237  -0.330 4.06e-17 3.01e-17 1.51e-17 26.41 1198.70
F06485  35.246  -0.325 6.47e-17 5.59e-17 3.29e-17 32.85 1198.77
F06476  35.247  -0.240 4.07e-17 2.81e-17 2.00e-17 30.80 1198.54
F02419  35.252  -0.684 3.01e-17 1.82e-17 1.35e-17 26.38 1427.46
F02433  35.254  -0.531 1.86e-17 1.70e-17 9.20e-18 21.53 1427.26
F06475  35.254  -0.308 5.24e-17 3.19e-17 1.99e-17 29.40 1198.69
F06481  35.262  -0.211 2.88e-17 2.58e-17 1.61e-17 26.00 1198.59
F06480  35.263  -0.329 4.70e-17 3.78e-17 3.11e-17 25.27 1198.54
F06488  35.267  -0.284 7.10e-17 5.27e-17 2.47e-17 27.97 1198.46
F02409  35.277  -0.408 3.21e-17 2.77e-17 2.15e-17 30.00 1427.38
F06491  35.280  -0.423 4.15e-17 3.53e-17 2.48e-17 28.96 1198.61
F06483  35.284  -0.506 6.61e-17 4.75e-17 2.49e-17 26.90 1198.82
F06490  35.313  -0.282 3.68e-17 3.21e-17 2.14e-17 23.94 1198.60
F06470  35.316  -0.349 6.11e-17 3.68e-17 1.84e-17 25.80 1198.53
F06487  35.331  -0.462 2.76e-17 2.04e-17 9.37e-18 28.53 1198.58
F06478  35.375  -1.134 5.03e-17 2.47e-17 2.41e-17 20.07 1198.77
F06489  35.388  -0.384 1.22e-17 1.06e-17 7.23e-18 26.16 1198.63
F06486  35.475  -0.659 1.71e-17 1.14e-17 1.03e-17 29.35 1198.45
F06482  35.487  -0.011 3.47e-17 3.36e-17 1.91e-17 25.46 1198.61
F06477  35.599  -0.094 5.78e-17 3.79e-17 2.98e-17 33.34 1198.77
F05618  42.335  -5.983 3.72e-17 1.71e-17 1.33e-17 16.25 2078.86
F05627  42.504  -5.654 2.58e-17 2.09e-17 1.14e-17 17.03 2078.75
F05638  42.558  -5.579 2.02e-17 1.74e-17 1.13e-17 17.92 2078.61
F05628  42.561  -5.459 1.59e-17 1.26e-17 7.89e-18 18.89 2078.77
F05624  42.579  -5.528 1.70e-17 1.48e-17 8.96e-18 10.40 2078.58
F05619  42.585  -5.495 2.08e-17 1.29e-17 1.04e-17 15.09 2078.84
F05636  42.585  -5.528 1.40e-17 1.17e-17 5.99e-18 22.68 2078.76
F05625  42.587  -5.551 2.66e-17 1.67e-17 1.26e-17 16.47 2078.92
F05631  42.594  -5.556 1.84e-17 1.04e-17 8.47e-18 12.70 2078.90
F05629  42.602  -5.540 1.67e-17 1.19e-17 6.73e-18 23.02 2078.84
F05641  42.606  -5.566 1.18e-17 1.06e-17 4.82e-18 14.49 2078.76
F05630  42.616  -5.556 2.42e-17 1.97e-17 1.35e-17 19.69 2078.88
F05637  42.616  -5.542 2.33e-17 1.49e-17 1.51e-17 12.49 2078.73
F05633  42.632  -5.595 1.83e-17 1.77e-17 7.70e-18 18.06 2078.79
F05620  42.645  -5.558 1.28e-17 1.30e-17 4.25e-18 18.02 2078.61
F05634  42.742  -5.654 1.25e-17 1.02e-17 5.66e-18 13.91 2078.73
F05615  42.752  -5.608 2.07e-17 1.50e-17 6.37e-18 15.96 2078.77
