name x y flux0 flux1 flux2 width rv
F00199 -15.459  -8.552 2.62e-17 1.54e-17 8.85e-18 29.46 1012.87
F00190 -15.292  -8.796 6.86e-17 3.39e-17 2.79e-17 27.93 1012.84
F00206 -15.226  -8.691 7.45e-17 5.34e-17 5.32e-17 38.22 1012.66
F00212 -15.200  -8.861 3.09e-17 2.41e-17 1.40e-17 27.82 1012.70
F00193 -15.177  -8.650 6.80e-17 4.01e-17 2.47e-17 37.86 1012.83
F00211 -15.143  -8.839 5.12e-17 3.81e-17 2.70e-17 44.48 1012.84
F00218 -15.132  -8.837 3.70e-17 2.76e-17 1.30e-17 38.28 1012.78
F00201 -15.119  -8.792 1.69e-17 1.06e-17 7.90e-18 34.70 1012.70
F00188 -15.109  -8.841 4.45e-17 3.41e-17 1.93e-17 39.87 1012.84
F00210 -15.099  -8.847 2.93e-17 2.27e-17 1.21e-17 27.57 1012.99
F00207 -15.095  -8.704 6.97e-17 7.25e-17 4.25e-17 25.98 1012.69
F00189 -15.091  -9.066 1.28e-16 1.07e-16 7.28e-17 28.96 1012.84
F00214 -15.088  -8.891 8.41e-17 6.43e-17 3.78e-17 47.29 1012.84
F00219 -15.083  -8.862 5.41e-17 3.46e-17 2.62e-17 37.37 1012.97
F00215 -15.081  -8.883 7.71e-17 6.99e-17 3.97e-17 38.45 1012.80
F00186 -15.077  -8.784 5.59e-17 3.27e-17 2.12e-17 28.71 1012.97
F00209 -15.075  -8.955 4.64e-17 3.11e-17 2.82e-17 34.46 1012.89
F00192 -15.068  -8.783 8.98e-17 5.67e-17 3.21e-17 34.65 1012.80
F00198 -15.058  -8.817 6.77e-17 5.48e-17 3.54e-17 31.01 1012.90
F00217 -15.050  -8.837 2.12e-17 1.47e-17 9.84e-18 35.16 1012.89
F00184 -15.047  -8.842 1.14e-16 1.06e-16 4.76e-17 40.87 1012.89
F00204 -15.041  -8.856 5.40e-17 2.84e-17 2.58e-17 32.95 1012.80
F00187 -15.035  -8.795 6.72e-17 5.25e-17 3.47e-17 35.33 1012.77
F00213 -15.028  -8.885 4.17e-17 3.24e-17 2.56e-17 23.29 1012.72
F00185 -15.025  -8.813 9.80e-17 9.91e-17 4.99e-17 26.84 1012.63
F00216 -15.021  -9.026 4.51e-17 2.96e-17 2.34e-17 23.85 1012.75
F00205 -15.016  -8.925 7.98e-17 4.89e-17 3.86e-17 34.49 1012.87
F00202 -15.000  -8.876 8.64e-17 6.09e-17 6.11e-17 38.16 1012.78
