name x y flux0 flux1 flux2 width rv
F02116 -33.955  43.355 2.16e-17 1.48e-17 9.95e-18 16.23 2137.10
F02132 -33.920  43.595 2.47e-17 1.67e-17 1.14e-17 15.84 2137.10
F02126 -33.905  43.434 2.02e-17 1.54e-17 9.35e-18 12.35 2137.30
F02120 -33.845  43.487 2.04e-17 1.59e-17 1.00e-17 14.92 2137.59
F02129 -33.835  43.461 2.34e-17 1.79e-17 1.09e-17 16.36 2137.33
F02135 -33.832  43.396 1.81e-17 1.24e-17 8.45e-18 13.09 2137.46
F02123 -33.828  43.455 2.02e-17 1.38e-17 9.07e-18 16.95 2137.38
F02115 -33.826  43.462 2.44e-17 1.79e-17 1.12e-17 14.97 2137.38
F02118 -33.823  43.456 2.75e-17 2.02e-17 1.34e-17 16.63 2137.45
F02122 -33.821  43.456 1.53e-17 1.11e-17 7.81e-18 15.62 2137.36
F02106 -33.819  43.457 1.49e-17 1.01e-17 6.60e-18 12.45 2137.30
F02110 -33.801  43.426 1.82e-17 1.31e-17 9.14e-18 13.27 2137.23
F02113 -33.772  43.394 1.48e-17 1.01e-17 7.27e-18 21.51 2137.29
F02125 -33.766  43.464 1.60e-17 1.10e-17 7.29e-18 13.61 2137.31
F02130 -33.678  43.515 2.84e-17 2.06e-17 1.38e-17 16.00 2137.21
F02109 -33.643  43.649 2.01e-17 1.35e-17 9.23e-18 12.00 2137.13
