name x y flux0 flux1 flux2 width rv
F05611  36.556  -6.561 5.70e-17 3.71e-17 2.24e-17 30.76 1174.47
F05605  36.700  -6.428 5.20e-17 3.63e-17 2.65e-17 29.57 1174.55
F05592  36.714  -6.602 4.17e-17 3.23e-17 1.87e-17 31.45 1174.40
F05608  36.729  -6.668 3.85e-17 5.11e-17 2.42e-17 28.83 1174.59
F05609  36.734  -6.893 4.80e-17 3.28e-17 2.02e-17 34.72 1174.56
F05606  36.748  -6.510 6.27e-17 4.84e-17 2.73e-17 29.78 1174.41
F05601  36.751  -6.743 2.59e-17 2.78e-17 1.38e-17 33.53 1174.54
F05593  36.759  -6.765 3.83e-17 2.69e-17 2.13e-17 31.96 1174.50
F05610  36.772  -6.701 5.15e-17 3.97e-17 2.89e-17 25.34 1174.46
F05590  36.773  -6.722 5.45e-17 3.28e-17 1.77e-17 22.34 1174.45
F05612  36.780  -6.707 5.17e-17 3.44e-17 2.34e-17 27.59 1174.57
F05596  36.781  -6.772 3.92e-17 3.16e-17 2.21e-17 32.05 1174.31
F05594  36.792  -6.783 3.17e-17 2.69e-17 1.36e-17 23.66 1174.62
F05595  36.795  -6.668 7.70e-17 5.40e-17 3.74e-17 33.81 1174.35
F05607  36.796  -6.728 1.09e-16 6.08e-17 8.03e-17 25.59 1174.43
F05604  36.796  -6.768 8.29e-17 6.27e-17 4.24e-17 26.52 1174.44
F05597  36.799  -6.742 4.99e-17 3.78e-17 2.66e-17 22.03 1174.49
F05600  36.800  -6.749 1.66e-17 1.80e-17 7.36e-18 36.55 1174.54
F05598  36.823  -6.585 5.14e-17 3.70e-17 2.46e-17 20.79 1174.59
F05602  36.829  -6.707 3.87e-17 2.56e-17 2.57e-17 27.60 1174.37
F05589  36.879  -6.747 8.79e-17 5.96e-17 3.14e-17 24.09 1174.42
F05599  36.888  -6.579 6.23e-17 3.73e-17 4.35e-17 28.17 1174.45
F05603  36.905  -6.660 2.89e-17 2.04e-17 1.26e-17 21.31 1174.59
F05591  36.959  -6.768 1.08e-17 1.15e-17 6.40e-18 35.31 1174.57
