name x y flux0 flux1 flux2 width rv
F04155  19.307 -14.929 3.89e-17 2.36e-17 1.73e-17 32.27 1132.79
F04157  19.341 -14.922 4.72e-17 3.60e-17 2.11e-17 39.63 1132.92
F04143  19.348 -14.825 7.77e-17 7.07e-17 3.24e-17 33.20 1132.72
F04158  19.360 -14.839 6.97e-17 6.11e-17 3.94e-17 19.15 1133.03
F04159  19.366 -14.943 7.36e-17 3.76e-17 3.13e-17 27.72 1132.97
F04139  19.371 -14.920 3.71e-17 3.59e-17 2.26e-17 24.17 1132.96
F04147  19.372 -14.917 6.68e-17 4.65e-17 3.38e-17 38.72 1132.92
F04142  19.404 -14.991 3.09e-17 2.26e-17 1.43e-17 28.30 1133.09
F04151  19.424 -14.880 5.19e-17 3.06e-17 2.69e-17 37.11 1132.73
F04154  19.435 -14.832 4.77e-17 4.10e-17 1.95e-17 34.66 1132.71
F04152  19.455 -14.975 2.12e-17 1.96e-17 1.18e-17 36.90 1132.77
F04153  19.459 -14.915 6.96e-17 5.88e-17 2.90e-17 29.95 1132.82
F04144  19.483 -14.879 4.81e-17 3.70e-17 2.60e-17 28.02 1132.83
F02592  19.975 -14.146 1.96e-17 1.30e-17 9.79e-18 16.27 1714.64
F02589  20.028 -14.187 3.56e-17 2.17e-17 1.34e-17 16.72 1714.80
F02578  20.042 -14.107 1.99e-17 1.53e-17 9.10e-18 22.18 1714.63
F02569  20.054 -13.797 1.39e-17 1.17e-17 7.02e-18 21.86 1714.70
F02591  20.072 -14.031 3.69e-17 1.97e-17 1.92e-17 21.81 1714.88
F02588  20.076 -14.009 2.36e-17 2.06e-17 1.28e-17 12.70 1714.71
F02597  20.077 -14.098 3.76e-17 3.25e-17 1.99e-17 23.23 1714.89
F02587  20.079 -14.067 2.24e-17 1.54e-17 9.53e-18 18.89 1714.82
F02595  20.088 -14.166 2.60e-17 1.91e-17 1.07e-17 19.90 1714.77
F02579  20.091 -14.111 2.73e-17 1.67e-17 1.13e-17 20.16 1714.70
F02575  20.097 -14.094 4.37e-17 2.76e-17 2.00e-17 20.92 1714.61
F02576  20.114 -14.102 2.32e-17 1.91e-17 1.53e-17 23.27 1714.61
F02593  20.122 -14.075 2.08e-17 1.63e-17 1.21e-17 18.70 1714.82
F02584  20.122 -14.078 2.46e-17 2.15e-17 1.54e-17 16.86 1714.85
F02572  20.123 -14.077 2.48e-17 1.64e-17 9.89e-18 14.71 1714.77
F02573  20.129 -14.067 2.46e-17 2.00e-17 1.12e-17 16.55 1714.80
F02577  20.132 -14.073 2.63e-17 1.46e-17 1.13e-17 22.47 1714.80
F02585  20.140 -14.077 2.89e-17 2.64e-17 1.23e-17 19.44 1714.73
F02574  20.145 -13.945 2.97e-17 2.77e-17 1.44e-17 13.85 1714.71
F02596  20.148 -14.090 3.27e-17 3.38e-17 1.55e-17 25.43 1714.70
F02583  20.174 -14.087 2.16e-17 1.71e-17 1.47e-17 18.40 1714.69
F02568  20.177 -14.053 3.26e-17 2.04e-17 1.60e-17 14.96 1714.81
F02586  20.192 -14.110 1.80e-17 1.15e-17 8.42e-18 20.93 1714.73
