name x y flux0 flux1 flux2 width rv
F05129  16.487  39.981 5.70e-17 3.85e-17 2.32e-17 35.68 1000.30
F05102  16.704  40.135 7.08e-17 4.62e-17 3.30e-17 31.07 1000.56
F05122  16.728  40.520 3.74e-17 2.75e-17 1.67e-17 30.59 1000.67
F05109  16.739  40.481 1.22e-16 9.03e-17 6.27e-17 35.62 1000.49
F05127  16.777  40.129 8.98e-17 6.24e-17 3.65e-17 34.96 1000.62
F04735  16.778  39.412 1.36e-17 1.11e-17 5.83e-18 16.09 1906.30
F05130  16.783  40.322 1.39e-16 9.18e-17 6.39e-17 38.93 1000.33
F05121  16.800  40.272 4.88e-17 3.20e-17 2.10e-17 45.03 1000.53
F05107  16.825  40.415 8.83e-17 5.48e-17 4.62e-17 38.38 1000.49
F05117  16.839  40.264 6.79e-17 5.01e-17 3.15e-17 31.04 1000.58
F05108  16.851  40.367 9.72e-17 7.94e-17 5.35e-17 27.30 1000.43
F05113  16.859  40.329 7.52e-17 5.42e-17 3.43e-17 29.80 1000.59
F05126  16.865  40.321 6.90e-17 5.52e-17 3.64e-17 37.09 1000.39
F05116  16.871  40.325 2.99e-17 2.11e-17 1.41e-17 40.31 1000.39
F05120  16.871  40.326 5.79e-17 3.84e-17 2.57e-17 37.08 1000.55
F05103  16.874  40.324 7.53e-17 4.94e-17 3.19e-17 28.66 1000.34
F05105  16.881  40.302 8.54e-17 6.57e-17 3.98e-17 29.25 1000.58
F04757  16.895  39.598 1.81e-17 1.51e-17 9.77e-18 16.96 1906.57
F05123  16.896  40.284 6.40e-17 4.47e-17 3.19e-17 33.85 1000.54
F05114  16.904  40.460 8.80e-17 5.88e-17 3.84e-17 39.62 1000.57
F04763  16.907  39.646 1.91e-17 1.29e-17 9.65e-18 15.79 1906.51
F05104  16.920  40.283 8.78e-17 5.23e-17 3.69e-17 19.53 1000.48
F04736  16.924  39.528 2.52e-17 1.57e-17 1.25e-17 19.16 1906.47
F05125  16.936  40.469 2.69e-17 1.75e-17 1.26e-17 41.81 1000.58
F05124  16.944  40.301 6.75e-17 4.38e-17 2.61e-17 37.41 1000.43
F05119  16.970  40.504 6.52e-17 5.17e-17 3.79e-17 43.23 1000.50
F05118  16.994  40.499 4.23e-17 2.57e-17 1.80e-17 32.71 1000.48
F05106  17.004  40.123 9.58e-17 6.46e-17 4.76e-17 24.67 1000.47
F04748  17.017  39.485 2.81e-17 2.01e-17 1.25e-17 16.54 1906.77
F05111  17.030  40.756 3.26e-17 2.40e-17 1.59e-17 28.96 1000.62
F04759  17.059  39.474 2.40e-17 1.71e-17 1.35e-17 20.63 1906.58
F05128  17.066  40.016 5.18e-17 3.97e-17 2.50e-17 34.27 1000.44
F04758  17.082  39.710 3.29e-17 2.46e-17 1.86e-17 23.98 1906.39
F04750  17.093  39.443 2.37e-17 1.56e-17 1.06e-17 14.70 1906.35
F04740  17.101  39.431 2.90e-17 1.92e-17 1.32e-17 21.66 1906.47
F04741  17.114  39.332 2.89e-17 2.14e-17 1.28e-17 17.72 1906.35
F04744  17.114  39.480 2.60e-17 2.02e-17 1.33e-17 20.23 1906.48
F04747  17.117  39.482 2.32e-17 1.76e-17 1.27e-17 16.44 1906.49
F04751  17.126  39.471 1.74e-17 1.24e-17 7.79e-18 15.06 1906.42
F04733  17.126  39.476 1.71e-17 1.16e-17 8.96e-18 17.70 1906.35
F04737  17.128  39.432 2.23e-17 1.46e-17 1.04e-17 18.18 1906.60
F04762  17.133  39.478 2.05e-17 1.66e-17 9.08e-18 18.57 1906.51
F04742  17.134  39.532 2.68e-17 1.82e-17 1.46e-17 20.51 1906.51
F04749  17.136  39.503 1.35e-17 1.05e-17 6.20e-18 16.28 1906.53
F04745  17.139  39.496 1.62e-17 1.18e-17 7.94e-18 19.65 1906.47
F04754  17.148  39.711 1.69e-17 1.06e-17 8.82e-18 14.20 1906.61
F04765  17.154  39.472 2.49e-17 1.65e-17 1.05e-17 18.13 1906.51
F05110  17.160  40.437 5.64e-17 4.25e-17 2.82e-17 31.31 1000.49
F04734  17.170  39.488 2.67e-17 1.64e-17 1.25e-17 21.37 1906.52
F04756  17.173  39.476 3.31e-17 2.30e-17 1.95e-17 14.67 1906.55
F04738  17.192  39.466 2.94e-17 1.96e-17 1.43e-17 16.34 1906.47
F04761  17.195  39.530 2.42e-17 1.76e-17 1.22e-17 20.17 1906.61
F04746  17.206  39.502 4.96e-17 3.52e-17 2.29e-17 18.75 1906.52
F04755  17.215  39.491 1.99e-17 1.39e-17 9.43e-18 13.45 1906.40
F05112  17.220  40.243 7.91e-17 6.48e-17 3.86e-17 39.65 1000.41
F04764  17.228  39.468 2.88e-17 2.08e-17 1.25e-17 20.15 1906.54
F05115  17.228  40.332 4.89e-17 3.48e-17 2.07e-17 25.60 1000.43
F05749  25.848  36.334 3.83e-17 2.41e-17 1.65e-17 30.20 1436.91
F05736  25.965  36.115 5.17e-17 3.77e-17 2.40e-17 18.28 1436.80
F05754  26.000  36.107 2.01e-17 1.47e-17 1.01e-17 19.43 1436.77
F05752  26.012  36.107 3.94e-17 2.70e-17 1.73e-17 29.40 1436.88
F05744  26.080  36.182 2.11e-17 1.40e-17 8.98e-18 21.72 1436.69
F05743  26.095  36.200 3.30e-17 2.35e-17 1.67e-17 23.92 1436.64
F05734  26.143  36.299 3.40e-17 2.72e-17 1.77e-17 20.37 1436.79
F05750  26.152  36.253 3.60e-17 2.70e-17 1.68e-17 25.93 1436.69
F05755  26.153  36.193 4.32e-17 3.27e-17 2.20e-17 28.45 1436.76
F05729  26.153  36.250 4.99e-17 3.92e-17 2.58e-17 22.71 1436.60
F05745  26.159  36.298 5.19e-17 3.36e-17 2.42e-17 19.76 1436.72
F05747  26.159  36.247 2.81e-17 2.45e-17 1.62e-17 25.99 1436.87
F05753  26.164  36.252 2.26e-17 1.84e-17 1.16e-17 20.48 1436.61
F05738  26.167  36.255 3.51e-17 3.12e-17 1.99e-17 21.15 1436.76
F05751  26.177  36.211 4.02e-17 3.28e-17 2.16e-17 22.29 1436.71
F05733  26.180  36.258 5.66e-17 4.39e-17 2.56e-17 20.06 1436.96
F05748  26.185  36.257 5.18e-17 3.53e-17 2.46e-17 26.87 1436.72
F05732  26.189  36.288 6.08e-17 3.58e-17 2.43e-17 26.64 1436.87
F05737  26.190  36.281 3.57e-17 2.50e-17 1.70e-17 19.09 1436.72
F05740  26.195  36.266 4.39e-17 3.32e-17 2.30e-17 23.83 1436.71
F05756  26.195  36.267 4.44e-17 3.53e-17 2.15e-17 32.45 1436.47
F05730  26.199  36.231 2.53e-17 1.68e-17 1.07e-17 21.84 1436.57
F05742  26.226  36.271 4.08e-17 2.93e-17 1.88e-17 21.19 1436.74
F05731  26.230  36.344 3.98e-17 2.69e-17 1.97e-17 18.36 1436.77
F05728  26.290  36.185 1.40e-17 1.06e-17 7.28e-18 18.77 1436.65
F05735  26.299  36.383 3.26e-17 2.20e-17 1.32e-17 22.37 1436.63
F05741  26.337  36.321 3.53e-17 2.90e-17 1.84e-17 22.42 1436.82
F05746  26.341  36.327 5.53e-17 3.88e-17 2.60e-17 23.09 1436.65
