name x y flux0 flux1 flux2 width rv
F01110  34.022  32.991 3.83e-17 2.17e-17 1.71e-17 23.54 1419.15
F01133  34.025  32.859 6.89e-17 4.42e-17 3.24e-17 23.09 1419.02
F01115  34.055  32.891 2.32e-17 1.73e-17 1.01e-17 21.85 1419.17
F01125  34.083  32.941 4.91e-17 3.74e-17 2.70e-17 20.49 1419.23
F01116  34.092  32.981 4.75e-17 2.79e-17 1.90e-17 23.14 1418.99
F01129  34.103  32.975 4.67e-17 3.63e-17 2.82e-17 22.36 1419.16
F01121  34.106  32.973 1.62e-17 1.27e-17 9.27e-18 18.90 1418.96
F01118  34.116  32.981 3.27e-17 2.64e-17 1.75e-17 26.78 1419.16
F01131  34.116  33.006 2.51e-17 1.66e-17 1.20e-17 20.76 1419.17
F01134  34.118  33.027 4.27e-17 3.46e-17 2.07e-17 21.25 1419.17
F01113  34.118  33.047 4.77e-17 3.53e-17 2.28e-17 28.34 1419.23
F01122  34.124  32.960 6.22e-17 3.35e-17 2.60e-17 23.17 1419.11
F01132  34.125  32.992 5.95e-17 4.52e-17 2.97e-17 23.62 1419.21
F01117  34.128  32.976 2.19e-17 1.71e-17 1.01e-17 22.80 1419.01
F01105  34.129  32.988 3.70e-17 2.23e-17 1.69e-17 24.01 1419.05
F01106  34.132  32.985 4.96e-17 3.56e-17 2.21e-17 20.85 1419.06
F01111  34.134  32.992 4.07e-17 2.69e-17 2.03e-17 28.50 1419.09
F01114  34.145  33.001 4.37e-17 2.69e-17 2.12e-17 18.65 1419.07
F01128  34.150  32.965 3.89e-17 2.28e-17 1.71e-17 17.01 1419.15
F01109  34.151  33.019 2.34e-17 1.51e-17 1.22e-17 21.08 1419.13
F01124  34.167  32.975 3.71e-17 2.31e-17 1.48e-17 19.88 1419.19
F01107  34.170  32.951 6.79e-17 4.28e-17 3.11e-17 20.88 1419.12
F01126  34.175  33.023 3.22e-17 2.48e-17 1.72e-17 24.36 1419.09
F01123  34.198  33.118 3.55e-17 2.73e-17 1.90e-17 24.08 1419.12
F01119  34.250  33.346 2.61e-17 2.01e-17 1.51e-17 19.64 1419.17
F01104  34.286  33.084 3.73e-17 2.64e-17 1.80e-17 24.80 1419.06
