name x y flux1 flux2 flux3 par rv
P04509  33.981  33.739 3.48e-16 3.46e-16 2.78e-16   0.004    0.64
P00091  34.646  41.699 6.78e-11 3.23e-11 1.50e-11   0.073    0.14
P05035  35.281  31.816 7.52e-14 4.47e-14 2.05e-14   0.005    0.65
P01607  36.547  32.675 1.64e-13 8.94e-14 4.07e-14   0.007    0.58
P00170  38.208  31.154 4.58e-14 2.37e-14 1.31e-14   0.005    0.71
P00578  38.767  35.254 1.44e-14 9.77e-15 5.53e-15   0.006    0.40
P00811  39.645  33.380 5.35e-15 4.08e-15 2.34e-15   0.005    0.31
P04009  40.047  30.042 1.25e-13 6.32e-14 2.78e-14   0.003    0.38
P03287  40.634  30.275 4.19e-15 3.17e-15 1.72e-15   0.005    0.15
P01303  41.380  30.677 1.48e-13 6.95e-14 3.18e-14   0.005    0.07
P00927  41.571  33.442 7.32e-12 5.07e-12 2.99e-12   0.004    0.08
P00632  41.791  31.929 9.11e-16 7.87e-16 5.34e-16   0.005    0.11
P02671  41.695  32.662 5.84e-12 2.97e-12 1.51e-12   0.006    0.18
P00155  41.866  30.042 3.88e-14 2.03e-14 1.03e-14   0.004   -0.02
P03624  42.039  36.988 6.86e-15 5.17e-15 3.02e-15   0.005    0.22
P00026  42.704  30.056 1.46e-13 7.66e-14 3.66e-14   0.005   -0.16
P03905  43.073  32.510 6.04e-16 5.07e-16 4.02e-16   0.004    0.00
P02357  44.549  31.042 1.96e-15 1.46e-15 9.45e-16   0.005   -0.29
P02224  44.796  31.968 7.19e-17 7.96e-17 7.69e-17   0.005   -0.37
P00327  44.876  30.555 2.90e-14 1.77e-14 8.43e-15   0.005   -0.34
P00748  44.844  30.171 2.68e-14 1.50e-14 7.70e-15   0.005   -0.37
