name x y flux0 flux1 flux2 width rv
F01027  16.037 -37.511 1.98e-17 1.37e-17 1.00e-17 13.62 2113.10
F01033  16.067 -37.586 2.30e-17 1.38e-17 1.20e-17 18.45 2113.08
F01034  16.099 -37.513 3.18e-17 1.59e-17 1.39e-17 18.30 2113.12
F01022  16.113 -37.399 1.96e-17 1.55e-17 1.36e-17 16.50 2113.05
F01017  16.140 -37.549 2.23e-17 1.54e-17 1.04e-17 15.57 2112.79
F01016  16.152 -37.531 2.26e-17 2.23e-17 1.10e-17 18.81 2112.97
F01019  16.166 -37.529 1.55e-17 1.20e-17 8.75e-18 19.30 2113.06
F01021  16.174 -37.511 2.01e-17 1.29e-17 8.03e-18 16.09 2113.03
F01020  16.185 -37.512 1.80e-17 1.24e-17 7.27e-18 14.43 2112.91
F01038  16.192 -37.501 1.42e-17 1.17e-17 6.23e-18 16.90 2113.14
F01018  16.195 -37.536 1.79e-17 2.07e-17 1.18e-17 16.39 2112.77
F01013  16.229 -37.539 1.92e-17 1.50e-17 5.25e-18 19.27 2112.79
F01029  16.240 -37.688 1.34e-17 1.26e-17 7.25e-18 15.22 2112.96
F01028  16.283 -37.540 1.66e-17 1.70e-17 9.23e-18 14.89 2113.00
F01030  16.310 -37.588 2.05e-17 2.04e-17 1.07e-17 13.66 2113.01
F01031  16.384 -37.518 2.22e-17 1.63e-17 1.02e-17 19.85 2112.98
