name x y flux0 flux1 flux2 width rv
F01567 -24.928  -9.422 5.64e-17 4.00e-17 2.89e-17 33.60 1177.37
F01555 -24.928  -9.415 2.22e-17 1.59e-17 1.44e-17 27.79 1177.40
F01568 -24.923  -9.419 6.08e-17 3.56e-17 3.20e-17 24.67 1177.26
F01537 -24.922  -9.422 2.38e-17 2.10e-17 1.18e-17 21.01 1177.48
F01566 -24.922  -9.420 8.10e-17 4.50e-17 3.64e-17 35.98 1177.26
F01535 -24.921  -9.416 5.18e-17 3.33e-17 3.42e-17 24.37 1177.56
F01543 -24.921  -9.418 1.14e-16 6.28e-17 4.43e-17 29.36 1177.36
F01551 -24.921  -9.418 4.65e-17 3.14e-17 2.64e-17 35.40 1177.29
F01557 -24.921  -9.420 5.44e-17 3.81e-17 1.71e-17 22.00 1177.26
F01561 -24.920  -9.417 4.37e-17 5.01e-17 2.91e-17 27.89 1177.11
F01542 -24.920  -9.416 5.19e-17 3.75e-17 1.92e-17 26.19 1177.53
F01540 -24.920  -9.419 2.34e-17 1.30e-17 1.01e-17 25.85 1177.51
F01552 -24.920  -9.419 3.53e-17 2.53e-17 1.94e-17 24.67 1177.39
F01559 -24.920  -9.420 5.41e-17 3.70e-17 2.92e-17 20.48 1177.52
F01550 -24.920  -9.419 2.59e-17 2.50e-17 1.57e-17 30.12 1177.46
F01538 -24.919  -9.419 6.21e-17 3.80e-17 2.34e-17 27.51 1177.46
F01549 -24.919  -9.419 3.22e-17 1.77e-17 1.45e-17 33.87 1177.24
F01539 -24.919  -9.419 4.56e-17 4.70e-17 2.46e-17 28.28 1177.43
F01536 -24.919  -9.419 7.41e-17 3.46e-17 2.41e-17 31.45 1177.53
F01562 -24.919  -9.419 2.83e-17 2.39e-17 1.46e-17 34.42 1177.35
F01553 -24.919  -9.419 4.06e-17 5.02e-17 1.84e-17 19.29 1177.42
F01556 -24.919  -9.417 6.97e-17 5.67e-17 3.24e-17 32.94 1177.53
F01545 -24.919  -9.419 3.58e-17 2.71e-17 2.08e-17 35.13 1177.26
F01532 -24.919  -9.419 1.01e-16 5.67e-17 3.80e-17 30.62 1177.47
F01560 -24.919  -9.417 3.17e-17 2.23e-17 1.57e-17 34.78 1177.57
F01544 -24.918  -9.418 6.75e-17 5.74e-17 3.56e-17 28.78 1177.65
F01558 -24.918  -9.426 3.49e-17 2.33e-17 1.58e-17 32.35 1177.38
F01541 -24.917  -9.418 6.18e-17 4.83e-17 2.47e-17 28.70 1177.38
F01546 -24.917  -9.419 3.50e-17 2.51e-17 1.95e-17 29.49 1177.39
F01533 -24.916  -9.419 1.11e-17 1.18e-17 6.04e-18 22.19 1177.50
F01563 -24.916  -9.419 7.19e-17 3.68e-17 3.21e-17 29.22 1177.31
F01547 -24.916  -9.426 8.07e-17 3.87e-17 3.59e-17 35.34 1177.15
F01554 -24.914  -9.413 2.42e-17 1.29e-17 9.57e-18 21.79 1177.33
