name x y flux0 flux1 flux2 width rv
F00416   5.897 -32.307 7.22e-17 4.88e-17 1.85e-17 26.23 1292.73
F00422   5.914 -32.362 3.56e-17 2.03e-17 2.21e-17 22.91 1292.77
F00417   6.117 -32.493 2.70e-17 2.68e-17 1.42e-17 31.02 1292.89
F00427   6.123 -32.273 5.89e-17 3.57e-17 2.90e-17 30.08 1292.69
F00429   6.131 -32.368 2.95e-17 2.39e-17 1.90e-17 19.78 1292.91
F00410   6.140 -32.202 2.56e-17 1.73e-17 1.13e-17 32.69 1292.69
F00414   6.142 -32.422 5.63e-17 4.07e-17 2.96e-17 20.53 1292.79
F00409   6.196 -32.408 3.60e-17 4.61e-17 2.48e-17 26.54 1292.70
F00423   6.206 -32.457 1.41e-17 1.10e-17 6.79e-18 20.98 1292.77
F00424   6.207 -32.378 6.86e-17 3.98e-17 2.95e-17 30.63 1292.68
F00421   6.214 -32.239 3.41e-17 2.22e-17 1.68e-17 22.64 1292.78
F00418   6.224 -32.475 2.82e-17 1.49e-17 1.18e-17 29.92 1292.89
F00411   6.226 -32.404 3.57e-17 2.83e-17 3.34e-17 32.14 1292.96
F00426   6.228 -32.392 1.88e-17 1.43e-17 7.40e-18 29.32 1292.80
F00428   6.234 -32.415 7.95e-17 5.76e-17 3.56e-17 33.29 1292.92
F00412   6.238 -32.404 6.55e-17 4.16e-17 3.01e-17 28.45 1292.63
F00425   6.277 -32.425 5.58e-17 3.71e-17 2.54e-17 31.33 1292.62
F00408   6.394 -32.408 3.00e-17 1.54e-17 1.56e-17 23.10 1292.81
F00413   6.414 -32.418 4.96e-17 3.64e-17 2.29e-17 25.30 1292.90
F00420   6.506 -32.750 4.12e-17 4.00e-17 2.08e-17 26.54 1292.85
