name x y flux0 flux1 flux2 width rv
F05500   0.052 -40.224 2.97e-17 1.75e-17 1.87e-17 16.80 2082.41
F05489   0.107 -40.441 1.25e-17 1.12e-17 7.80e-18 19.42 2082.41
F05485   0.164 -40.302 3.00e-17 2.34e-17 1.30e-17 15.24 2082.55
F05490   0.237 -40.218 1.63e-17 1.24e-17 8.53e-18 19.32 2082.40
F04976   4.313 -34.707 5.12e-17 3.85e-17 3.36e-17 25.73 1295.93
F04990   4.363 -34.694 5.43e-17 4.25e-17 2.97e-17 15.33 1295.96
F04968   4.377 -35.013 2.51e-17 1.28e-17 9.98e-18 29.57 1295.97
F04993   4.409 -34.815 1.91e-17 2.15e-17 1.56e-17 27.69 1295.96
F04981   4.435 -34.776 4.68e-17 2.92e-17 2.43e-17 28.86 1295.92
F04986   4.437 -34.930 3.90e-17 1.95e-17 1.81e-17 29.06 1296.19
F04989   4.469 -34.940 1.53e-17 1.75e-17 1.08e-17 35.07 1295.92
F04967   4.485 -34.760 3.36e-17 1.50e-17 1.50e-17 22.28 1296.10
F04978   4.485 -34.768 9.32e-17 4.95e-17 3.18e-17 26.27 1295.76
F04980   4.487 -34.638 2.43e-17 2.10e-17 1.00e-17 24.58 1296.04
F04992   4.490 -34.763 3.09e-17 3.06e-17 1.53e-17 26.22 1295.93
F04988   4.498 -35.022 4.76e-17 3.40e-17 2.15e-17 33.04 1296.01
F04987   4.502 -34.771 3.34e-17 2.52e-17 1.58e-17 26.11 1295.82
F04982   4.502 -34.723 4.99e-17 3.67e-17 2.17e-17 28.47 1296.01
F04972   4.503 -34.641 6.20e-17 4.05e-17 1.90e-17 26.92 1295.90
F04973   4.512 -34.717 3.85e-17 2.99e-17 3.72e-17 30.01 1295.81
F04975   4.515 -34.771 5.92e-17 2.61e-17 2.73e-17 30.64 1295.97
F04977   4.573 -34.889 5.12e-17 3.54e-17 1.83e-17 32.02 1295.89
F04979   4.597 -34.663 6.03e-17 4.29e-17 3.00e-17 30.04 1295.80
F04974   4.610 -34.836 3.85e-17 2.05e-17 1.44e-17 23.46 1295.95
F04983   4.613 -34.801 4.48e-17 3.02e-17 1.84e-17 25.87 1296.07
F04971   4.689 -34.588 3.78e-17 4.36e-17 2.74e-17 24.64 1295.93
F04969   4.710 -34.836 2.84e-17 1.90e-17 1.25e-17 28.31 1295.84
F04984   4.798 -34.806 3.43e-17 2.10e-17 1.60e-17 24.64 1296.17
F04584   8.374 -30.538 4.71e-17 4.34e-17 3.19e-17 32.61 1112.84
F04578   8.446 -30.531 5.90e-17 5.27e-17 3.46e-17 31.54 1112.90
F04571   8.447 -30.475 4.80e-17 3.76e-17 2.15e-17 29.03 1112.75
F04567   8.453 -30.517 7.81e-17 5.04e-17 2.57e-17 27.93 1112.87
F04563   8.461 -30.551 2.52e-17 1.83e-17 1.52e-17 30.09 1112.82
F04566   8.464 -30.533 3.27e-17 1.91e-17 1.62e-17 32.40 1112.84
F04572   8.464 -30.530 1.05e-16 5.19e-17 3.88e-17 25.79 1112.96
F04585   8.468 -30.505 3.74e-17 2.77e-17 1.64e-17 25.56 1112.87
F04577   8.475 -30.504 6.34e-17 4.95e-17 3.19e-17 29.18 1112.84
F04564   8.477 -30.518 6.23e-17 2.67e-17 1.76e-17 36.65 1113.02
F04570   8.477 -30.486 8.16e-17 9.16e-17 3.73e-17 39.66 1112.54
F04569   8.478 -30.521 4.84e-17 3.73e-17 2.25e-17 23.95 1113.03
F04576   8.483 -30.517 6.50e-17 5.41e-17 3.60e-17 26.33 1112.75
F04586   8.486 -30.597 5.87e-17 3.14e-17 2.94e-17 35.56 1112.82
F04579   8.487 -30.516 5.04e-17 3.69e-17 2.74e-17 30.93 1112.92
F04565   8.495 -30.518 7.83e-17 5.42e-17 3.09e-17 34.78 1112.95
F04581   8.496 -30.524 5.46e-17 3.15e-17 1.55e-17 29.29 1113.05
F04573   8.503 -30.609 4.03e-17 2.94e-17 1.59e-17 30.07 1112.69
F04580   8.522 -30.549 6.90e-17 9.05e-17 3.74e-17 28.98 1112.98
F04562   8.522 -30.542 6.86e-17 3.77e-17 1.78e-17 37.15 1112.93
F04582   8.525 -30.504 6.93e-17 7.72e-17 3.73e-17 24.88 1112.89
F04568   8.528 -30.481 4.49e-17 2.97e-17 1.92e-17 38.51 1112.90
F04575   8.530 -30.551 8.72e-17 4.92e-17 4.11e-17 35.69 1112.86
F04583   8.536 -30.576 6.09e-17 4.64e-17 3.06e-17 26.77 1112.81
