name x y flux0 flux1 flux2 width rv
F01942  21.785  31.907 1.95e-17 1.41e-17 9.73e-18 16.59 2010.87
F01955  21.786  31.781 2.50e-17 2.00e-17 1.16e-17 19.05 2011.26
F01947  21.823  31.766 1.91e-17 1.16e-17 8.21e-18 15.69 2010.85
F01951  21.842  31.704 1.97e-17 1.47e-17 1.04e-17 18.00 2011.19
F01931  21.844  31.770 1.76e-17 1.47e-17 9.79e-18 16.31 2011.25
F01939  21.873  31.781 1.60e-17 1.22e-17 8.07e-18 14.10 2011.07
F01929  21.887  31.730 2.03e-17 1.43e-17 1.09e-17 12.13 2011.12
F01958  21.890  31.754 2.44e-17 1.88e-17 1.16e-17 17.10 2011.04
F01944  21.895  31.803 1.40e-17 1.16e-17 6.70e-18 18.51 2011.41
F01937  21.896  31.755 2.83e-17 2.31e-17 1.61e-17 11.08 2011.34
F01936  21.898  31.766 1.29e-17 1.07e-17 6.22e-18 17.55 2011.06
F01932  21.901  31.760 1.65e-17 1.38e-17 8.94e-18 15.40 2011.21
F01943  21.917  31.771 2.07e-17 1.28e-17 8.99e-18 15.50 2011.19
F01950  21.920  31.764 1.80e-17 1.28e-17 7.72e-18 19.45 2011.15
F01933  21.921  31.751 1.39e-17 1.09e-17 5.99e-18 16.23 2011.26
F01930  21.939  31.774 2.63e-17 1.66e-17 1.04e-17 16.72 2011.22
F01935  21.944  31.769 3.46e-17 2.14e-17 1.50e-17 15.52 2011.25
F01957  21.995  31.813 1.63e-17 1.23e-17 6.60e-18 15.98 2011.22
F01953  22.006  31.801 1.93e-17 1.26e-17 9.36e-18 15.32 2011.17
F01949  22.018  31.864 1.98e-17 1.50e-17 1.13e-17 16.15 2011.07
F01946  22.021  31.642 2.19e-17 1.73e-17 1.12e-17 20.88 2011.21
