name x y flux0 flux1 flux2 width rv
F06723 -28.748  40.860 4.44e-17 3.47e-17 2.16e-17 23.10 1462.24
F06707 -28.725  40.839 4.85e-17 2.92e-17 2.19e-17 24.68 1462.32
F06703 -28.719  40.839 3.56e-17 2.66e-17 1.66e-17 22.87 1462.29
F06705 -28.718  40.845 3.24e-17 2.11e-17 1.38e-17 30.43 1462.11
F06708 -28.715  40.845 4.04e-17 2.88e-17 2.00e-17 24.96 1462.20
F06721 -28.714  40.862 3.26e-17 2.16e-17 1.50e-17 22.24 1462.08
F06722 -28.712  40.818 3.28e-17 2.44e-17 1.82e-17 20.51 1462.25
F06724 -28.710  40.846 2.37e-17 1.78e-17 1.20e-17 29.23 1462.36
F06715 -28.708  40.829 4.24e-17 3.12e-17 1.99e-17 24.74 1462.24
F06709 -28.707  40.845 2.56e-17 1.81e-17 1.24e-17 21.77 1462.21
F06713 -28.706  40.838 3.55e-17 2.63e-17 1.76e-17 24.35 1462.35
F06706 -28.706  40.827 1.99e-17 1.36e-17 9.67e-18 29.70 1462.28
F06719 -28.705  40.858 1.76e-17 1.26e-17 8.71e-18 29.38 1462.32
F06714 -28.703  40.835 2.69e-17 1.82e-17 1.29e-17 24.29 1462.18
F06712 -28.699  40.850 4.26e-17 3.13e-17 2.08e-17 26.70 1462.38
F06720 -28.698  40.847 3.11e-17 2.04e-17 1.59e-17 20.00 1462.30
F06704 -28.698  40.830 4.76e-17 3.08e-17 2.12e-17 26.19 1462.37
F06717 -28.696  40.836 2.96e-17 2.13e-17 1.48e-17 22.51 1462.39
F06702 -28.693  40.838 4.65e-17 3.09e-17 2.13e-17 26.73 1462.33
F06701 -28.692  40.821 1.75e-17 1.25e-17 8.86e-18 24.86 1462.16
F06710 -28.686  40.857 3.38e-17 2.45e-17 1.75e-17 20.87 1462.05
