name x y flux0 flux1 flux2 width rv
F06324  -3.665   6.853 2.05e-17 1.24e-17 8.56e-18 15.57 2204.06
F06310  -3.665   6.863 1.51e-17 1.36e-17 7.05e-18 12.00 2204.20
F06319  -3.608   6.842 2.03e-17 1.46e-17 1.08e-17 11.58 2204.12
F06309  -3.601   6.896 1.77e-17 1.49e-17 7.70e-18 17.94 2204.09
F06329  -3.600   6.820 2.39e-17 1.67e-17 1.25e-17 10.81 2204.14
F06307  -3.599   6.829 1.57e-17 1.22e-17 5.91e-18 16.85 2204.27
F06327  -3.598   6.847 2.02e-17 1.14e-17 8.90e-18 13.20 2204.14
F06305  -3.589   6.887 1.87e-17 1.37e-17 7.89e-18 17.74 2204.02
F06330  -3.583   6.843 1.80e-17 1.05e-17 7.72e-18 15.61 2204.04
F06318  -3.582   6.845 1.68e-17 1.49e-17 9.68e-18 14.70 2204.01
F06332  -3.580   6.857 1.30e-17 1.02e-17 5.96e-18 17.22 2204.16
F06320  -3.561   6.862 1.87e-17 1.36e-17 8.99e-18 16.16 2203.91
F06326  -3.560   6.862 1.70e-17 1.22e-17 7.00e-18 17.63 2204.01
F06314  -3.526   7.021 2.49e-17 1.62e-17 1.17e-17 13.48 2204.14
F06315  -3.524   6.802 1.50e-17 1.45e-17 8.79e-18 19.23 2203.95
F06317  -3.508   6.772 2.01e-17 1.32e-17 1.03e-17 12.68 2204.06
F06323  -3.379   6.596 1.95e-17 1.20e-17 7.12e-18 19.91 2204.18
